desc: I1 cache:         32768 B, 64 B, 8-way associative
desc: D1 cache:         32768 B, 64 B, 8-way associative
desc: LL cache:         3145728 B, 64 B, 12-way associative
cmd: ./mul6
events: Ir I1mr ILmr Dr D1mr DLmr Dw D1mw DLmw 
fl=/build/eglibc-oGUzwX/eglibc-2.19/csu/../csu/init-first.c
fn=_init
52 8 1 1 0 0 0 4 0 0
58 4 1 1 1 1 0 1 1 1
65 5 1 1 4 1 0 0 0 0
70 1 0 0 0 0 0 1 1 1
71 1 0 0 0 0 0 1 0 0
72 2 0 0 1 1 0 1 1 1
86 4 0 0 0 0 0 1 0 0
94 1 0 0 0 0 0 1 0 0
99 6 0 0 5 0 0 0 0 0
fl=/build/eglibc-oGUzwX/eglibc-2.19/csu/../sysdeps/generic/dl-hash.h
fn=_init
43 1 0 0 0 0 0 0 0 0
44 1 0 0 0 0 0 0 0 0
45 13 0 0 4 0 0 0 0 0
48 12 0 0 0 0 0 0 0 0
49 8 0 0 0 0 0 0 0 0
62 8 0 0 0 0 0 0 0 0
67 1 1 1 0 0 0 0 0 0
fl=/build/eglibc-oGUzwX/eglibc-2.19/csu/../sysdeps/unix/sysv/linux/x86_64/init-first.c
fn=_init
38 7 1 1 0 0 0 4 0 0
40 4 0 0 0 0 0 1 0 0
41 2 0 0 0 0 0 0 0 0
42 2 1 1 0 0 0 0 0 0
43 2 1 1 1 0 0 0 0 0
44 1 0 0 0 0 0 1 1 0
46 3 0 0 0 0 0 1 0 0
50 3 0 0 0 0 0 0 0 0
51 2 0 0 1 0 0 0 0 0
52 1 0 0 0 0 0 1 0 0
fl=/build/eglibc-oGUzwX/eglibc-2.19/csu/../sysdeps/x86_64/multiarch/init-arch.c
fn=__get_cpu_features
200 42 0 0 14 0 0 0 0 0
204 28 0 0 14 0 0 0 0 0
fn=__init_cpu_features
31 7 1 1 0 0 0 4 0 0
37 3 0 0 0 0 0 0 0 0
38 3 0 0 0 0 0 0 0 0
39 2 0 0 0 0 0 0 0 0
45 1 0 0 0 0 0 1 0 0
54 3 1 1 0 0 0 1 0 0
57 6 0 0 0 0 0 0 0 0
59 3 0 0 0 0 0 0 0 0
65 3 0 0 0 0 0 0 0 0
66 2 1 1 0 0 0 0 0 0
71 2 0 0 0 0 0 0 0 0
74 12 1 1 0 0 0 0 0 0
101 2 1 1 0 0 0 0 0 0
123 1 0 0 1 1 1 0 0 0
127 1 1 1 0 0 0 0 0 0
152 2 1 1 1 0 0 0 0 0
153 7 0 0 0 0 0 4 0 0
160 3 0 0 1 0 0 0 0 0
164 2 0 0 0 0 0 0 0 0
166 3 1 1 0 0 0 0 0 0
170 2 1 1 0 0 0 0 0 0
171 1 0 0 1 0 0 0 0 0
173 2 0 0 0 0 0 0 0 0
176 2 0 0 1 0 0 0 0 0
184 6 1 1 0 0 0 0 0 0
185 5 0 0 0 0 0 0 0 0
186 2 0 0 0 0 0 0 0 0
189 1 0 0 0 0 0 1 0 0
190 1 0 0 0 0 0 1 0 0
192 1 0 0 0 0 0 1 0 0
193 2 0 0 2 0 0 0 0 0
fl=/build/eglibc-oGUzwX/eglibc-2.19/csu/libc-start.c
fn=(below main)
133 10 1 1 0 0 0 8 0 0
137 7 2 2 1 0 0 1 0 0
219 2 0 0 0 0 0 0 0 0
220 4 0 0 0 0 0 1 0 0
242 6 0 0 2 0 0 0 0 0
245 2 0 0 0 0 0 0 0 0
246 5 1 1 4 0 0 1 0 0
250 4 0 0 2 0 0 0 0 0
265 2 0 0 0 0 0 0 0 0
274 2 0 0 0 0 0 1 0 0
275 2 1 1 0 0 0 0 0 0
280 2 0 0 1 1 0 1 0 0
281 2 0 0 1 1 0 1 0 0
284 2 0 0 0 0 0 1 0 0
287 6 0 0 5 0 0 1 0 0
fl=/build/eglibc-oGUzwX/eglibc-2.19/ctype/ctype-info.c
fn=__ctype_init
31 7 2 2 5 3 0 1 0 0
33 4 0 0 2 1 0 1 0 0
35 5 1 1 3 0 0 1 0 0
fl=/build/eglibc-oGUzwX/eglibc-2.19/elf/../elf/dl-runtime.c
fn=_dl_fixup
66 75 2 2 0 0 0 45 0 0
68 15 0 0 15 0 0 0 0 0
69 30 0 0 30 6 2 0 0 0
72 75 0 0 30 13 7 0 0 0
73 105 0 0 30 10 7 15 0 0
74 45 1 1 30 3 1 0 0 0
79 30 0 0 0 0 0 0 0 0
83 30 0 0 15 13 11 0 0 0
85 2 0 0 0 0 0 0 0 0
87 45 0 0 15 6 4 0 0 0
91 28 0 0 28 11 6 0 0 0
92 56 1 1 14 3 1 0 0 0
94 56 0 0 14 5 3 0 0 0
100 15 0 0 0 0 0 0 0 0
101 45 0 0 15 4 1 0 0 0
108 30 0 0 15 4 1 15 0 0
111 150 1 1 30 7 4 45 1 1
115 45 0 0 15 0 0 0 0 0
119 60 1 1 15 0 0 15 0 0
125 90 0 0 30 0 0 0 0 0
133 15 0 0 15 0 0 0 0 0
141 60 0 0 15 0 0 0 0 0
145 45 0 0 15 3 1 0 0 0
149 75 0 0 60 0 0 0 0 0
fl=/build/eglibc-oGUzwX/eglibc-2.19/elf/../elf/dl-sysdep.c
fn=_dl_sysdep_start
86 8 1 1 0 0 0 7 1 1
87 2 0 0 0 0 0 0 0 0
88 1 0 0 0 0 0 0 0 0
110 1 0 0 0 0 0 1 0 0
111 210 1 1 68 9 9 4 3 3
114 2 0 0 0 0 0 1 0 0
115 1 0 0 0 0 0 1 1 1
117 90 4 4 23 4 4 10 0 0
118 111 0 0 21 3 3 0 0 0
121 1 0 0 1 0 0 0 0 0
122 1 0 0 0 0 0 0 0 0
124 1 0 0 1 0 0 0 0 0
125 1 0 0 0 0 0 0 0 0
127 1 1 1 1 0 0 0 0 0
128 1 0 0 0 0 0 0 0 0
130 1 0 0 1 0 0 0 0 0
131 1 0 0 0 0 0 0 0 0
151 1 1 1 1 0 0 0 0 0
152 1 0 0 0 0 0 0 0 0
154 1 0 0 1 0 0 0 0 0
155 1 0 0 0 0 0 0 0 0
157 1 1 1 1 0 0 0 0 0
158 1 0 0 0 0 0 0 0 0
163 1 0 0 1 0 0 0 0 0
164 1 0 0 0 0 0 0 0 0
179 1 0 0 1 0 0 0 0 0
180 1 0 0 0 0 0 0 0 0
232 3 1 1 0 0 0 2 0 0
234 5 0 0 0 0 0 1 0 0
246 3 1 1 1 0 0 0 0 0
249 6 0 0 2 0 0 1 0 0
250 1 1 0 1 0 0 0 0 0
251 8 0 0 7 1 0 0 0 0
fn=_dl_sysdep_start_cleanup
256 1 1 1 1 0 0 0 0 0
fl=/build/eglibc-oGUzwX/eglibc-2.19/elf/../misc/sbrk.c
fn=sbrk
34 4 1 1 0 0 0 2 0 0
42 6 0 0 2 0 0 0 0 0
46 2 1 1 0 0 0 0 0 0
57 5 0 0 3 0 0 0 0 0
fl=/build/eglibc-oGUzwX/eglibc-2.19/elf/../sysdeps/unix/sysv/linux/dl-osinfo.h
fn=security_init
61 2 0 0 0 0 0 0 0 0
84 2 1 1 1 0 0 1 0 0
86 1 1 1 1 0 0 0 0 0
93 1 0 0 1 0 0 0 0 0
101 2 0 0 0 0 0 0 0 0
112 1 0 0 1 0 0 0 0 0
fl=/build/eglibc-oGUzwX/eglibc-2.19/elf/../sysdeps/unix/sysv/linux/dl-sysdep.c
fn=_dl_discover_osversion
45 7 1 1 0 0 0 6 0 0
47 3 0 0 1 0 0 0 0 0
87 5 1 1 0 0 0 1 1 1
102 1 0 0 0 0 0 0 0 0
106 1 0 0 0 0 0 0 0 0
107 1 0 0 0 0 0 0 0 0
109 12 1 1 3 1 1 0 0 0
111 6 0 0 0 0 0 0 0 0
113 17 0 0 4 0 0 0 0 0
115 1 0 0 0 0 0 0 0 0
116 2 0 0 0 0 0 0 0 0
119 3 0 0 0 0 0 0 0 0
120 3 0 0 0 0 0 0 0 0
121 3 0 0 0 0 0 0 0 0
123 13 1 1 0 0 0 0 0 0
128 2 0 0 0 0 0 0 0 0
132 8 0 0 7 0 0 0 0 0
fn=_dl_sysdep_start
35 2 0 0 0 0 0 1 0 0
fl=/build/eglibc-oGUzwX/eglibc-2.19/elf/../sysdeps/unix/sysv/linux/dl-vdso.c
fn=_dl_vdso_vsym
26 5 0 0 0 0 0 0 0 0
27 10 1 1 10 1 0 0 0 0
28 10 1 1 5 0 0 0 0 0
31 10 0 0 0 0 0 0 0 0
fl=/build/eglibc-oGUzwX/eglibc-2.19/elf/../sysdeps/unix/sysv/linux/x86_64/brk.c
fn=brk
28 1 0 0 0 0 0 0 0 0
31 7 1 1 0 0 0 1 1 1
33 2 0 0 0 0 0 0 0 0
39 1 0 0 0 0 0 0 0 0
40 1 0 0 1 0 0 0 0 0
fl=/build/eglibc-oGUzwX/eglibc-2.19/elf/../sysdeps/x86_64/dl-irel.h
fn=_dl_fixup
32 3 1 1 0 0 0 1 0 0
fl=/build/eglibc-oGUzwX/eglibc-2.19/elf/../sysdeps/x86_64/dl-machine.h
fn=_dl_fixup
210 15 1 1 0 0 0 15 0 0
fn=_dl_relocate_object
71 20 0 0 5 0 0 0 0 0
77 8 1 1 8 3 0 0 0 0
81 12 1 1 4 4 3 0 0 0
87 4 0 0 0 0 0 4 0 0
95 12 0 0 4 0 0 0 0 0
108 8 0 0 0 0 0 4 0 0
111 16 1 1 4 3 0 0 0 0
244 218 0 0 0 0 0 0 0 0
265 218 1 1 0 0 0 0 0 0
269 218 0 0 0 0 0 0 0 0
276 4408 11 11 874 97 81 778 4 0
278 492 1 1 198 0 0 0 0 0
281 396 0 0 99 0 0 0 0 0
287 763 0 0 109 4 3 0 0 0
320 2 1 1 0 0 0 0 0 0
321 3 0 0 1 0 0 1 0 0
382 33 1 1 11 0 0 0 0 0
386 55 1 1 11 1 0 0 0 0
391 55 0 0 22 2 2 11 9 9
410 291 1 1 97 11 10 97 12 7
422 24 0 0 0 0 0 8 1 0
487 3591 0 0 1197 301 300 0 0 0
492 2394 0 0 0 0 0 0 0 0
493 3591 0 0 1197 149 149 1197 230 226
503 93 0 0 56 0 0 0 0 0
507 74 0 0 0 0 0 0 0 0
509 111 0 0 37 0 0 0 0 0
510 37 0 0 37 6 5 0 0 0
527 38 0 0 38 1 1 0 0 0
529 19 0 0 0 0 0 19 0 0
530 19 0 0 0 0 0 19 0 0
fn=_dl_start
58 3 0 0 1 1 1 0 0 0
241 9 1 1 0 0 0 0 0 0
269 18 0 0 0 0 0 0 0 0
278 36 0 0 18 2 2 0 0 0
281 36 0 0 9 5 5 0 0 0
287 55 0 0 9 2 2 0 0 0
391 9 1 1 9 1 1 0 0 0
400 9 0 0 0 0 0 9 2 2
492 20 0 0 10 1 1 0 0 0
493 30 0 0 10 1 1 10 2 2
fn=_dl_sysdep_start
200 5 0 0 2 1 1 0 0 0
fl=/build/eglibc-oGUzwX/eglibc-2.19/elf/../sysdeps/x86_64/dl-trampoline.S
fn=_dl_runtime_resolve
34 15 1 1 0 0 0 0 0 0
36 15 0 0 0 0 0 15 1 1
37 15 0 0 0 0 0 15 0 0
38 15 0 0 0 0 0 15 0 0
39 15 0 0 0 0 0 15 0 0
40 15 0 0 0 0 0 15 0 0
41 15 1 1 0 0 0 15 0 0
42 15 0 0 0 0 0 15 0 0
43 15 0 0 15 0 0 0 0 0
44 15 0 0 15 0 0 0 0 0
45 15 0 0 0 0 0 15 0 0
46 15 0 0 0 0 0 0 0 0
47 15 0 0 15 0 0 0 0 0
48 15 0 0 15 0 0 0 0 0
49 15 0 0 15 0 0 0 0 0
50 15 0 0 15 0 0 0 0 0
51 15 0 0 15 0 0 0 0 0
52 15 0 0 15 0 0 0 0 0
53 15 0 0 15 0 0 0 0 0
54 15 0 0 0 0 0 0 0 0
56 15 1 1 0 0 0 0 0 0
fl=/build/eglibc-oGUzwX/eglibc-2.19/elf/dl-addr.c
fn=_dl_addr
30 2 0 0 1 0 0 1 0 0
31 2 0 0 1 0 0 1 0 0
34 2 0 0 1 0 0 0 0 0
38 1 0 0 1 0 0 0 0 0
39 1 0 0 1 0 0 0 0 0
40 3 1 1 2 0 0 1 0 0
42 2 0 0 2 0 0 0 0 0
45 2 0 0 1 1 0 0 0 0
50 2029 0 0 2 0 0 0 0 0
52 1011 1 1 1011 59 19 0 0 0
53 2022 0 0 0 0 0 0 0 0
55 4930 0 0 905 0 0 0 0 0
61 11075 0 0 2215 473 427 0 0 0
63 8860 1 1 2215 0 0 0 0 0
64 16270 0 0 5089 353 319 0 0 0
69 2215 0 0 0 0 0 0 0 0
71 7656 1 1 2215 134 77 0 0 0
99 3 0 0 1 1 0 0 0 0
100 1 0 0 0 0 0 1 1 0
101 3 1 1 1 0 0 0 0 0
104 2 0 0 0 0 0 0 0 0
116 1 1 1 0 0 0 1 0 0
117 1 0 0 0 0 0 1 0 0
126 11 1 1 0 0 0 8 0 0
131 3 1 1 2 1 0 1 0 0
133 2 0 0 0 0 0 1 0 0
135 2 0 0 0 0 0 0 0 0
138 2 1 1 0 0 0 0 0 0
141 3 0 0 2 2 0 1 0 0
144 9 1 1 7 1 0 0 0 0
fl=/build/eglibc-oGUzwX/eglibc-2.19/elf/dl-altinit.c
fn=dlinit_alt
33 3 0 0 2 0 0 0 0 0
34 1 0 0 1 0 0 0 0 0
fl=/build/eglibc-oGUzwX/eglibc-2.19/elf/dl-cache.c
fn=_dl_cache_libcmp
138 66 1 1 44 19 19 0 0 0
139 260 0 0 0 0 0 0 0 0
141 375 0 0 0 0 0 0 0 0
143 135 0 0 0 0 0 0 0 0
149 15 1 1 0 0 0 0 0 0
150 10 0 0 0 0 0 0 0 0
151 20 0 0 5 0 0 0 0 0
153 25 1 1 5 0 0 0 0 0
155 10 0 0 0 0 0 0 0 0
161 240 1 1 0 0 0 0 0 0
163 446 0 0 206 2 2 0 0 0
164 17 0 0 0 0 0 0 0 0
167 103 0 0 0 0 0 0 0 0
168 103 0 0 0 0 0 0 0 0
171 10 0 0 0 0 0 0 0 0
172 44 0 0 22 0 0 0 0 0
fn=_dl_load_cache_lookup
182 16 1 1 0 0 0 12 0 0
190 4 0 0 2 0 0 0 0 0
193 6 0 0 2 0 0 0 0 0
196 5 1 1 0 0 0 1 0 0
204 5 0 0 1 0 0 0 0 0
205 6 1 1 0 0 0 1 0 0
209 1 0 0 0 0 0 1 0 0
212 4 0 0 1 0 0 0 0 0
215 2 0 0 0 0 0 1 0 0
216 3 0 0 0 0 0 0 0 0
217 5 1 1 0 0 0 1 0 0
219 2 0 0 0 0 0 0 0 0
238 4 0 0 1 0 0 0 0 0
244 6 1 1 2 0 0 0 0 0
253 10 0 0 4 0 0 2 0 0
259 8 0 0 0 0 0 4 0 0
263 14 1 1 4 0 0 4 0 0
264 12 0 0 6 0 0 0 0 0
278 511 9 9 71 16 16 26 0 0
294 4 1 1 2 0 0 0 0 0
299 18 0 0 14 0 0 0 0 0
fn=_dl_unload_cache
308 1 0 0 0 0 0 0 0 0
309 4 1 1 1 1 0 0 0 0
311 2 0 0 1 1 0 1 0 0
312 1 0 0 0 0 0 1 0 0
314 2 0 0 1 0 0 0 0 0
fl=/build/eglibc-oGUzwX/eglibc-2.19/elf/dl-debug.c
fn=_dl_debug_initialize
50 10 1 1 0 0 0 0 0 0
51 5 1 1 5 0 0 0 0 0
55 18 0 0 5 1 0 0 0 0
58 1 0 0 0 0 0 1 0 0
59 2 0 0 0 0 0 1 0 0
60 6 0 0 2 0 0 1 0 0
61 2 0 0 0 0 0 1 0 0
fn=_dl_debug_state
74 2 0 0 2 0 0 0 0 0
fl=/build/eglibc-oGUzwX/eglibc-2.19/elf/dl-deps.c
fn=_dl_map_object_deps
147 11 2 2 0 0 0 9 0 0
148 9 0 0 0 0 0 1 0 0
160 6 0 0 0 0 0 2 0 0
161 2 1 1 0 0 0 2 0 0
162 10 0 0 0 0 0 3 0 0
164 1 0 0 0 0 0 0 0 0
168 8 1 1 2 0 0 2 0 0
178 8 0 0 1 0 0 0 0 0
179 1 0 0 1 0 0 0 0 0
182 3 0 0 0 0 0 2 0 0
188 1 0 0 0 0 0 1 0 0
189 1 0 0 0 0 0 1 0 0
201 2 1 1 1 0 0 1 0 0
202 1 0 0 0 0 0 0 0 0
203 1 0 0 0 0 0 1 0 0
204 2 1 1 0 0 0 2 0 0
209 5 0 0 0 0 0 0 0 0
210 5 0 0 0 0 0 0 0 0
213 5 1 1 0 0 0 5 0 0
217 20 1 1 10 0 0 0 0 0
218 22 1 1 9 0 0 0 0 0
220 3 0 0 0 0 0 0 0 0
222 9 0 0 6 0 0 0 0 0
224 26 1 1 2 0 0 4 0 0
229 18 0 0 9 0 0 0 0 0
231 9 0 0 6 0 0 3 0 0
236 3 0 0 0 0 0 3 0 0
237 3 0 0 0 0 0 3 0 0
238 6 0 0 3 0 0 3 0 0
239 6 0 0 3 0 0 3 0 0
242 329 1 1 86 0 0 3 0 0
243 154 1 1 0 0 0 0 0 0
249 28 0 0 8 0 0 4 0 0
251 4 0 0 0 0 0 4 0 0
254 24 1 1 16 0 0 4 0 0
256 12 0 0 4 0 0 0 0 0
271 4 0 0 4 0 0 0 0 0
273 8 0 0 4 0 0 0 0 0
278 9 1 1 0 0 0 0 0 0
281 3 0 0 0 0 0 3 0 0
282 3 0 0 0 0 0 3 0 0
283 3 0 0 0 0 0 3 0 0
284 6 0 0 3 0 0 3 0 0
286 12 1 1 3 0 0 3 0 0
288 15 0 0 3 0 0 6 0 0
292 8 0 0 0 0 0 0 0 0
293 6 0 0 0 0 0 2 0 0
295 219 2 2 0 0 0 0 0 0
343 9 0 0 0 0 0 4 0 0
471 10 0 0 0 0 0 0 0 0
473 9 0 0 0 0 0 3 0 0
475 6 0 0 0 0 0 3 0 0
476 6 1 1 0 0 0 0 0 0
477 6 0 0 0 0 0 0 0 0
480 3 0 0 0 0 0 3 2 2
481 18 0 0 0 0 0 3 0 0
482 15 0 0 0 0 0 3 0 0
485 3 0 0 0 0 0 3 0 0
486 3 0 0 3 0 0 0 0 0
490 20 1 1 10 0 0 0 0 0
492 5 1 1 5 0 0 0 0 0
493 22 0 0 4 0 0 0 0 0
497 6 0 0 2 0 0 0 0 0
498 2 0 0 1 0 0 1 0 0
501 5 1 1 2 0 0 1 0 0
511 2 1 1 0 0 0 1 0 0
512 3 0 0 1 0 0 0 0 0
514 2 0 0 0 0 0 0 0 0
519 7 0 0 2 0 0 1 0 0
520 4 0 0 1 0 0 1 0 0
522 28 1 1 11 0 0 1 0 0
528 15 0 0 5 0 0 5 1 1
532 10 0 0 10 0 0 0 0 0
535 2 0 0 1 0 0 0 0 0
586 6 1 1 3 0 0 1 0 0
587 1 1 1 0 0 0 1 0 0
588 3 0 0 1 0 0 0 0 0
623 7 1 1 1 0 0 2 0 0
625 3 0 0 0 0 0 0 0 0
629 19 1 1 8 0 0 3 0 0
630 8 2 2 0 0 0 2 0 0
631 3 0 0 1 0 0 1 0 0
635 4 0 0 4 0 0 0 0 0
636 8 0 0 4 0 0 0 0 0
642 27 0 0 4 0 0 0 0 0
644 24 0 0 12 0 0 0 0 0
645 15 0 0 0 0 0 0 0 0
647 27 0 0 9 0 0 0 0 0
648 18 0 0 0 0 0 0 0 0
658 2 2 2 2 0 0 0 0 0
670 6 1 1 0 0 0 0 0 0
673 12 0 0 4 0 0 0 0 0
676 51 0 0 13 0 0 13 0 0
683 2 0 0 1 0 0 1 0 0
685 2 0 0 1 0 0 1 0 0
686 1 0 0 1 0 0 0 0 0
687 3 0 0 1 0 0 0 0 0
694 3 0 0 1 0 0 0 0 0
697 2 0 0 0 0 0 0 0 0
700 8 0 0 7 0 0 0 0 0
fn=openaux
60 8 1 1 0 0 0 4 0 0
63 40 0 0 16 0 0 8 0 0
64 8 1 1 4 0 0 0 0 0
67 4 0 0 4 0 0 0 0 0
68 8 0 0 8 0 0 0 0 0
fl=/build/eglibc-oGUzwX/eglibc-2.19/elf/dl-environ.c
fn=_dl_next_ld_env_entry
30 3 1 1 3 0 0 0 0 0
31 1 0 0 0 0 0 0 0 0
33 203 0 0 67 0 0 0 0 0
35 132 0 0 66 32 32 0 0 0
36 22 1 1 10 0 0 0 0 0
38 2 0 0 0 0 0 0 0 0
41 4 0 0 0 0 0 2 0 0
43 2 0 0 2 0 0 0 0 0
46 64 0 0 0 0 0 0 0 0
50 1 0 0 1 0 0 0 0 0
fl=/build/eglibc-oGUzwX/eglibc-2.19/elf/dl-error.c
fn=_dl_catch_error
163 20 1 1 0 0 0 15 0 0
175 10 0 0 0 0 0 10 3 3
176 10 0 0 0 0 0 10 0 0
177 10 1 1 0 0 0 10 0 0
178 10 0 0 0 0 0 5 0 0
180 10 0 0 5 0 0 10 2 2
181 10 0 0 5 0 0 5 0 0
182 10 0 0 0 0 0 5 0 0
185 30 0 0 0 0 0 5 0 0
187 15 1 1 10 0 0 5 0 0
188 15 0 0 10 0 0 5 0 0
189 10 0 0 5 0 0 5 0 0
190 10 0 0 5 0 0 5 0 0
191 10 0 0 5 0 0 5 0 0
199 20 0 0 10 0 0 0 0 0
fn=_dl_receive_error
205 10 1 1 0 0 0 6 0 0
206 2 0 0 1 0 0 1 0 0
210 1 0 0 1 0 0 0 0 0
211 1 0 0 1 0 0 0 0 0
214 1 0 0 0 0 0 1 0 0
215 1 1 1 0 0 0 1 0 0
217 2 0 0 0 0 0 1 0 0
219 1 0 0 0 0 0 1 0 0
220 1 0 0 0 0 0 1 0 0
221 8 0 0 7 0 0 0 0 0
fl=/build/eglibc-oGUzwX/eglibc-2.19/elf/dl-fini.c
fn=_dl_fini
131 8 2 2 0 0 0 6 0 0
143 1 0 0 0 0 0 0 0 0
144 1 0 0 0 0 0 1 0 0
150 1 0 0 0 0 0 1 0 0
153 12 1 1 2 1 1 2 0 0
156 2 0 0 1 1 1 1 0 0
159 2 1 1 2 1 1 0 0 0
162 2 0 0 0 0 0 0 0 0
164 6 0 0 3 0 0 0 0 0
171 2 0 0 1 0 0 0 0 0
175 4 0 0 1 0 0 0 0 0
177 2 0 0 1 0 0 0 0 0
180 9 1 1 0 0 0 1 0 0
183 2 0 0 0 0 0 1 0 0
191 15 0 0 5 0 0 0 0 0
193 10 0 0 5 0 0 0 0 0
195 10 1 1 5 0 0 0 0 0
197 15 0 0 5 0 0 5 0 0
198 5 0 0 0 0 0 5 3 3
199 5 0 0 5 0 0 0 0 0
203 5 0 0 5 0 0 0 0 0
205 2 0 0 1 0 0 0 0 0
210 6 1 1 2 0 0 1 0 0
219 2 0 0 1 0 0 1 0 0
223 15 0 0 6 0 0 0 0 0
225 5 0 0 5 0 0 0 0 0
227 15 0 0 5 0 0 0 0 0
230 10 0 0 0 0 0 5 0 0
233 15 1 1 5 4 4 0 0 0
234 4 1 1 2 2 2 0 0 0
237 6 0 0 3 0 0 0 0 0
244 6 0 0 0 0 0 0 0 0
248 6 0 0 6 2 2 0 0 0
249 3 0 0 3 0 0 0 0 0
250 6 0 0 3 0 0 0 0 0
251 18 0 0 0 0 0 0 0 0
252 6 1 1 3 3 3 3 0 0
256 9 0 0 3 3 3 0 0 0
257 9 0 0 6 3 3 3 0 0
262 30 0 0 10 1 1 0 0 0
278 10 1 1 5 0 0 0 0 0
283 6 0 0 2 0 0 0 0 0
289 2 2 2 1 0 0 0 0 0
296 8 0 0 7 0 0 0 0 0
fn=_dl_sort_fini
32 13 2 2 0 0 0 10 0 0
34 2 0 0 0 0 0 0 0 0
39 4 0 0 0 0 0 1 0 0
40 6 0 0 0 0 0 1 0 0
41 3 0 0 1 0 0 1 0 0
45 12 0 0 4 0 0 4 0 0
46 12 0 0 4 0 0 0 0 0
50 20 1 1 8 0 0 0 0 0
56 16 1 1 5 0 0 1 0 0
57 23 0 0 0 0 0 0 0 0
59 24 0 0 12 1 1 0 0 0
60 15 0 0 0 0 0 0 0 0
62 27 0 0 9 2 2 0 0 0
63 18 0 0 0 0 0 0 0 0
93 18 1 1 6 0 0 0 0 0
114 6 0 0 0 0 0 0 0 0
118 21 0 0 4 0 0 0 0 0
121 40 1 1 16 0 0 9 0 0
125 8 0 0 7 0 0 0 0 0
fl=/build/eglibc-oGUzwX/eglibc-2.19/elf/dl-hwcaps.c
fn=_dl_important_hwcaps
39 12 2 2 0 0 0 10 2 2
41 1 0 0 1 0 0 0 0 0
42 4 0 0 0 0 0 1 0 0
51 3 0 0 1 0 0 0 0 0
61 4 2 2 1 0 0 1 0 0
92 2 1 1 0 0 0 0 0 0
113 1 1 1 0 0 0 0 0 0
115 5 0 0 0 0 0 1 0 0
130 6 1 1 0 0 0 0 0 0
131 2 0 0 0 0 0 0 0 0
133 2 0 0 0 0 0 0 0 0
145 2 1 1 0 0 0 0 0 0
162 2 1 1 0 0 0 0 0 0
170 2 1 1 1 0 0 0 0 0
172 4 1 1 1 0 0 1 0 0
173 4 0 0 1 0 0 1 0 0
177 3 0 0 0 0 0 1 0 0
178 1 0 0 0 0 0 1 0 0
181 2 0 0 0 0 0 0 0 0
184 2 1 1 0 0 0 0 0 0
188 12 0 0 2 0 0 3 0 0
189 2 0 0 0 0 0 0 0 0
207 12 2 2 1 0 0 6 0 0
208 5 0 0 0 0 0 1 1 1
209 4 0 0 2 0 0 0 0 0
238 3 1 1 0 0 0 2 0 0
241 2 0 0 0 0 0 0 0 0
243 5 2 2 2 0 0 2 0 0
244 7 0 0 2 0 0 4 0 0
269 19 1 1 3 0 0 0 0 0
270 8 1 1 0 0 0 4 0 0
274 12 0 0 0 0 0 0 0 0
277 28 1 1 0 0 0 0 0 0
278 24 0 0 0 0 0 0 0 0
279 12 0 0 8 0 0 0 0 0
281 4 1 1 0 0 0 0 0 0
284 3 0 0 1 0 0 0 0 0
285 1 0 0 0 0 0 0 0 0
286 12 2 2 3 0 0 0 0 0
299 6 0 0 2 0 0 2 0 0
300 2 0 0 0 0 0 0 0 0
302 4 0 0 0 0 0 0 0 0
305 3 0 0 2 0 0 1 0 0
307 1 0 0 0 0 0 0 0 0
308 8 0 0 7 0 0 0 0 0
fl=/build/eglibc-oGUzwX/eglibc-2.19/elf/dl-init.c
fn=_dl_init
36 33 1 1 6 0 0 5 0 0
86 11 1 1 0 0 0 6 0 0
87 1 0 0 1 1 0 0 0 0
88 1 0 0 1 0 0 0 0 0
91 3 0 0 1 0 0 0 0 0
94 2 0 0 0 0 0 1 0 0
98 4 1 1 1 0 0 0 0 0
125 18 0 0 0 0 0 0 0 0
126 15 0 0 10 0 0 0 0 0
132 8 0 0 7 0 0 0 0 0
fn=call_init.part.0
34 45 0 0 0 0 0 25 1 0
42 15 1 1 5 0 0 5 0 0
45 20 0 0 10 2 0 0 0 0
46 3 1 1 0 0 0 0 0 0
50 12 0 0 4 3 0 0 0 0
51 2 0 0 1 1 0 0 0 0
55 6 0 0 3 0 0 0 0 0
63 6 0 0 0 0 0 0 0 0
64 18 1 1 6 3 0 3 0 0
67 3 0 0 3 2 0 0 0 0
68 6 0 0 0 0 0 0 0 0
74 9 0 0 6 2 0 0 0 0
76 6 0 0 6 0 0 0 0 0
77 23 0 0 0 0 0 0 0 0
78 20 1 1 4 1 0 4 0 0
80 30 0 0 30 0 0 0 0 0
fl=/build/eglibc-oGUzwX/eglibc-2.19/elf/dl-load.c
fn=_dl_init_paths
714 9 1 1 0 0 0 6 0 0
727 6 1 1 2 0 0 2 0 0
731 1 0 0 0 0 0 1 0 0
732 3 0 0 0 0 0 1 0 0
733 2 0 0 0 0 0 0 0 0
740 5 0 0 0 0 0 0 0 0
741 5 1 1 1 0 0 2 0 0
744 1 0 0 0 0 0 1 0 0
745 2 0 0 0 0 0 1 0 0
747 3 0 0 1 0 0 0 0 0
753 1 0 0 0 0 0 1 0 0
754 1 0 0 0 0 0 1 0 0
762 13 0 0 0 0 0 3 1 1
764 8 1 1 0 0 0 4 0 0
765 7 0 0 0 0 0 4 3 3
767 8 1 1 0 0 0 4 0 0
768 14 1 1 3 1 1 4 1 1
769 33 0 0 4 0 0 13 0 0
772 9 0 0 3 1 1 0 0 0
776 27 1 1 15 0 0 5 0 0
782 1 0 0 0 0 0 1 1 1
783 1 0 0 0 0 0 1 0 0
787 1 1 1 1 0 0 0 0 0
788 2 0 0 0 0 0 0 0 0
790 4 0 0 1 0 0 0 0 0
792 3 1 1 1 0 0 0 0 0
809 1 0 0 0 0 0 1 0 0
811 3 1 1 1 0 0 0 0 0
825 2 1 1 0 0 0 1 0 0
830 4 1 1 1 0 0 0 0 0
838 5 0 0 0 0 0 1 0 0
840 11 1 1 0 0 0 2 0 0
856 2 0 0 0 0 0 0 0 0
857 46 0 0 15 0 0 0 0 0
859 14 0 0 0 0 0 0 0 0
860 42 0 0 0 0 0 0 0 0
861 14 1 1 0 0 0 0 0 0
864 1 0 0 0 0 0 1 0 0
865 1 0 0 0 0 0 1 0 0
866 2 0 0 0 0 0 0 0 0
872 8 1 1 1 0 0 2 0 0
876 3 0 0 2 0 0 0 0 0
882 1 0 0 0 0 0 1 0 0
886 8 0 0 7 0 0 0 0 0
fn=_dl_map_object
161 8 0 0 0 0 0 4 0 0
162 4 0 0 0 0 0 2 0 0
164 6 1 1 2 0 0 0 0 0
167 8 0 0 2 0 0 2 0 0
691 18 1 1 6 0 0 0 0 0
2317 50 1 1 0 0 0 40 4 4
2324 10 0 0 0 0 0 0 0 0
2325 10 0 0 5 1 1 0 0 0
2328 87 1 1 19 0 0 0 0 0
2333 48 0 0 16 0 0 0 0 0
2334 32 0 0 0 0 0 0 0 0
2336 82 1 1 0 0 0 16 0 0
2340 28 0 0 14 0 0 0 0 0
2341 42 1 1 14 0 0 0 0 0
2344 6 0 0 6 0 0 0 0 0
2345 12 0 0 12 0 0 0 0 0
2346 24 0 0 0 0 0 6 0 0
2362 6 0 0 3 0 0 0 0 0
2372 18 1 1 3 0 0 3 0 0
2396 3 0 0 0 0 0 3 1 1
2398 15 0 0 0 0 0 3 0 0
2402 8 1 1 0 0 0 4 0 0
2404 4 0 0 2 0 0 0 0 0
2411 8 1 1 2 0 0 0 0 0
2415 4 1 1 2 0 0 2 0 0
2416 6 0 0 0 0 0 2 0 0
2420 6 0 0 2 0 0 0 0 0
2421 2 0 0 0 0 0 0 0 0
2423 22 1 1 0 0 0 8 0 0
2435 8 2 2 6 0 0 0 0 0
2436 14 2 2 4 0 0 0 0 0
2437 2 0 0 0 0 0 0 0 0
2446 4 0 0 2 0 0 0 0 0
2447 36 1 1 4 0 0 8 0 0
2453 12 1 1 0 0 0 4 0 0
2454 2 0 0 0 0 0 0 0 0
2456 4 1 1 2 0 0 2 0 0
2462 8 0 0 0 0 0 2 0 0
2464 6 0 0 2 0 0 0 0 0
2468 6 0 0 0 0 0 4 0 0
2470 4 1 1 0 0 0 0 0 0
2474 6 0 0 2 0 0 0 0 0
2482 4 0 0 2 0 0 0 0 0
2504 18 1 1 4 0 0 2 0 0
2507 6 0 0 0 0 0 2 0 0
2509 2 0 0 0 0 0 2 0 0
2510 6 0 0 2 0 0 0 0 0
2530 4 2 2 2 0 0 0 0 0
2536 1 0 0 0 0 0 1 0 0
2538 6 1 1 0 0 0 1 0 0
2539 3 0 0 0 0 0 0 0 0
2540 1 0 0 0 0 0 0 0 0
2543 7 0 0 0 0 0 1 0 0
2546 2 0 0 0 0 0 0 0 0
2558 12 1 1 3 0 0 0 0 0
2560 6 0 0 0 0 0 0 0 0
2604 6 1 1 3 0 0 3 0 0
2605 36 0 0 6 0 0 12 0 0
2607 40 0 0 35 0 0 0 0 0
fn=_dl_map_object_from_fd
474 4 1 1 2 0 0 0 0 0
923 45 2 2 0 0 0 30 1 1
934 12 0 0 3 0 0 6 1 1
935 3 0 0 0 0 0 3 0 0
938 18 0 0 0 0 0 3 0 0
949 48 1 1 15 0 0 0 0 0
950 45 1 1 24 2 2 0 0 0
967 6 1 1 3 0 0 0 0 0
992 6 1 1 3 0 0 0 0 0
1002 6 0 0 3 0 0 0 0 0
1024 12 0 0 6 0 0 0 0 0
1056 6 0 0 0 0 0 0 0 0
1059 24 1 1 12 0 0 3 0 0
1060 6 0 0 0 0 0 0 0 0
1071 9 0 0 6 0 0 3 3 3
1072 9 2 2 6 0 0 3 0 0
1073 6 0 0 3 0 0 3 0 0
1075 15 0 0 0 0 0 0 0 0
1076 12 0 0 6 0 0 0 0 0
1077 3 0 0 0 0 0 0 0 0
1092 3 0 0 0 0 0 3 0 0
1101 36 1 1 6 0 0 9 0 0
1102 3 0 0 0 0 0 0 0 0
1103 3 0 0 0 0 0 0 0 0
1109 217 2 2 0 0 0 0 0 0
1110 205 1 1 26 0 0 0 0 0
1116 6 0 0 3 0 0 3 0 0
1117 9 0 0 3 0 0 3 0 0
1118 3 0 0 0 0 0 0 0 0
1121 4 1 1 2 0 0 2 0 0
1122 2 0 0 0 0 0 0 0 0
1127 30 1 1 12 0 0 0 0 0
1133 36 0 0 12 0 0 0 0 0
1134 6 0 0 0 0 0 0 0 0
1141 30 0 0 6 0 0 0 0 0
1142 24 0 0 0 0 0 6 3 3
1143 18 1 1 6 0 0 0 0 0
1144 12 0 0 0 0 0 6 1 1
1145 6 0 0 0 0 0 6 0 0
1146 12 0 0 6 0 0 6 0 0
1147 12 1 1 0 0 0 6 0 0
1151 12 0 0 0 0 0 0 0 0
1152 9 0 0 3 0 0 0 0 0
1157 42 0 0 6 0 0 6 1 1
1167 6 0 0 0 0 0 0 0 0
1170 3 0 0 1 0 0 0 0 0
1174 1 0 0 0 0 0 1 1 1
1175 2 1 1 1 0 0 1 0 0
1176 2 0 0 0 0 0 0 0 0
1177 1 0 0 0 0 0 0 0 0
1179 3 0 0 1 0 0 1 0 0
1180 2 0 0 1 0 0 1 0 0
1183 2 0 0 1 0 0 1 0 0
1187 4 0 0 1 0 0 0 0 0
1193 3 0 0 1 0 0 2 1 1
1194 1 0 0 0 0 0 0 0 0
1198 12 0 0 3 0 0 3 0 0
1206 15 0 0 0 0 0 0 0 0
1250 6 1 1 3 0 0 3 0 0
1251 12 0 0 0 0 0 0 0 0
1254 6 1 1 3 0 0 3 1 1
1255 9 0 0 6 0 0 3 0 0
1256 3 0 0 0 0 0 0 0 0
1259 9 1 1 0 0 0 0 0 0
1272 24 0 0 15 0 0 3 0 0
1274 6 1 1 3 0 0 0 0 0
1288 3 0 0 3 0 0 0 0 0
1293 21 0 0 12 0 0 6 2 2
1297 6 1 1 0 0 0 0 0 0
1304 9 0 0 3 0 0 3 0 0
1305 9 0 0 6 0 0 3 0 0
1307 6 0 0 0 0 0 0 0 0
1313 18 0 0 3 0 0 3 0 0
1314 3 1 1 3 0 0 0 0 0
1317 3 0 0 3 0 0 0 0 0
1319 3 1 1 3 0 0 0 0 0
1340 30 1 1 6 0 0 0 0 0
1342 12 0 0 6 0 0 0 0 0
1344 30 0 0 12 0 0 3 0 0
1352 18 0 0 6 0 0 0 0 0
1353 9 0 0 6 0 0 3 0 0
1355 12 0 0 6 0 0 0 0 0
1356 5 1 1 3 0 0 0 0 0
1357 6 0 0 2 0 0 0 0 0
1358 5 1 1 1 0 0 0 0 0
1360 4 0 0 0 0 0 1 0 0
1363 24 0 0 12 0 0 0 0 0
1369 6 0 0 3 0 0 0 0 0
1370 3 0 0 0 0 0 0 0 0
1371 15 1 1 3 0 0 0 0 0
1372 6 0 0 0 0 0 0 0 0
1379 6 0 0 0 0 0 0 0 0
1382 6 0 0 0 0 0 0 0 0
1393 21 0 0 0 0 0 9 1 1
1394 15 0 0 9 0 0 0 0 0
1399 6 0 0 0 0 0 0 0 0
1403 8 0 0 1 0 0 1 0 0
1406 2 0 0 0 0 0 0 0 0
1414 6 1 1 0 0 0 0 0 0
1418 12 0 0 6 0 0 0 0 0
1427 9 0 0 3 0 0 3 0 0
1433 6 1 1 0 0 0 0 0 0
1449 9 0 0 3 0 0 0 0 0
1468 6 0 0 3 0 0 3 0 0
1470 15 1 1 6 0 0 0 0 0
1525 9 0 0 3 2 2 0 0 0
1526 2 0 0 1 0 0 1 0 0
1529 12 0 0 3 0 0 3 0 0
1537 21 2 2 3 0 0 0 0 0
1540 12 0 0 6 0 0 3 0 0
1542 6 0 0 3 0 0 0 0 0
1558 6 0 0 0 0 0 3 0 0
1562 6 0 0 3 0 0 0 0 0
1563 6 1 1 3 0 0 0 0 0
1580 6 0 0 3 0 0 0 0 0
1581 1 0 0 0 0 0 1 0 0
1584 6 0 0 3 0 0 3 0 0
1585 6 0 0 3 0 0 3 0 0
1589 6 1 1 3 0 0 0 0 0
1599 9 0 0 3 0 0 3 0 0
1603 12 0 0 3 0 0 0 0 0
1623 24 0 0 21 0 0 0 0 0
fn=expand_dynamic_string_token
161 6 0 0 0 0 0 2 0 0
162 4 0 0 0 0 0 2 0 0
164 4 0 0 0 0 0 0 0 0
167 8 0 0 0 0 0 0 0 0
415 16 1 1 0 0 0 10 0 0
425 10 1 1 0 0 0 2 0 0
440 10 0 0 10 0 0 0 0 0
fn=fillin_rpath
486 17 2 2 0 0 0 12 0 0
488 1 0 0 0 0 0 0 0 0
491 7 0 0 0 0 0 2 0 0
495 5 0 0 1 0 0 1 0 0
497 3 0 0 0 0 0 1 0 0
501 2 1 1 0 0 0 0 0 0
508 8 1 1 1 0 0 0 0 0
513 2 0 0 0 0 0 1 0 0
516 5 1 1 1 0 0 0 0 0
523 18 1 1 5 0 0 1 0 0
524 8 1 1 4 0 0 0 0 0
542 4 1 1 1 0 0 1 0 0
545 2 0 0 0 0 0 1 0 0
546 4 1 1 2 0 0 1 0 0
547 4 0 0 0 0 0 2 0 0
548 4 1 1 2 0 0 0 0 0
552 1 0 0 0 0 0 1 1 1
553 1 0 0 0 0 0 0 0 0
554 5 0 0 0 0 0 3 0 0
555 1 0 0 0 0 0 1 0 0
557 3 1 1 2 0 0 0 0 0
563 4 0 0 1 0 0 0 0 0
564 14 1 1 0 0 0 0 0 0
565 10 0 0 0 0 0 2 0 0
567 2 1 1 1 0 0 1 0 0
568 2 0 0 1 0 0 0 0 0
573 2 1 1 0 0 0 1 0 0
575 2 0 0 1 0 0 1 0 0
576 1 0 0 0 0 0 1 0 0
579 3 1 1 0 0 0 1 0 0
581 4 0 0 2 0 0 1 0 0
585 1 0 0 0 0 0 1 0 0
588 9 0 0 7 0 0 0 0 0
fn=open_path
2168 28 2 2 0 0 0 24 0 0
2169 4 0 0 2 0 0 2 0 0
2172 2 0 0 0 0 0 2 0 0
2173 2 0 0 0 0 0 2 0 0
2175 4 0 0 0 0 0 0 0 0
2180 16 1 1 4 0 0 0 0 0
2183 2 0 0 2 0 0 0 0 0
2187 4 0 0 0 0 0 0 0 0
2192 4 0 0 2 0 0 0 0 0
2199 10 0 0 4 0 0 4 0 0
2200 36 1 1 3 0 0 0 0 0
2203 16 1 1 8 0 0 0 0 0
2207 65 1 1 30 0 0 10 0 0
2210 5 0 0 0 0 0 0 0 0
2213 10 1 1 5 0 0 0 0 0
2216 35 0 0 20 0 0 5 0 0
2218 15 0 0 5 0 0 0 0 0
2220 8 0 0 0 0 0 0 0 0
2225 8 1 1 4 0 0 0 0 0
2226 36 0 0 16 0 0 0 0 0
2232 22 1 1 6 0 0 6 0 0
2234 24 0 0 4 0 0 4 0 0
2235 2 0 0 1 0 0 0 0 0
2237 21 1 1 4 0 0 4 0 0
2244 12 0 0 0 0 0 0 0 0
2246 3 0 0 0 0 0 0 0 0
2254 4 1 1 0 0 0 2 0 0
2282 2 0 0 0 0 0 0 0 0
2285 10 0 0 2 0 0 0 0 0
2290 2 0 0 2 0 0 0 0 0
2292 8 1 1 6 0 0 0 0 0
2295 6 0 0 2 0 0 0 0 0
2309 19 2 2 14 0 0 0 0 0
fn=open_verify
1873 12 1 1 0 0 0 8 0 0
1909 3 0 0 1 0 0 0 0 0
1930 5 1 1 1 0 0 2 1 1
1931 2 0 0 0 0 0 0 0 0
1941 1 0 0 0 0 0 1 0 0
1942 2 0 0 0 0 0 1 0 0
1947 6 0 0 1 0 0 1 0 0
1949 2 0 0 0 0 0 0 0 0
1951 3 1 1 1 0 0 1 0 0
1953 2 0 0 0 0 0 0 0 0
1959 2 0 0 0 0 0 0 0 0
1975 11 1 1 0 0 0 1 0 0
1977 1 0 0 1 0 0 0 0 0
1979 4 0 0 0 0 0 1 0 0
2006 3 1 1 2 0 0 0 0 0
2050 2 0 0 1 0 0 0 0 0
2055 2 0 0 1 0 0 0 0 0
2058 4 1 1 1 0 0 0 0 0
2063 2 0 0 1 1 1 0 0 0
2070 5 0 0 1 0 0 0 0 0
2071 4 0 0 1 0 0 0 0 0
2072 1 0 0 0 0 0 0 0 0
2087 61 1 1 0 0 0 0 0 0
2089 19 1 1 9 5 5 0 0 0
2093 4 0 0 2 0 0 0 0 0
2094 2 0 0 0 0 0 0 0 0
2103 6 1 1 0 0 0 1 0 0
2106 1 0 0 0 0 0 0 0 0
2107 3 0 0 1 0 0 0 0 0
2108 3 0 0 1 0 0 0 0 0
2110 3 0 0 0 0 0 0 0 0
2154 8 0 0 7 0 0 0 0 0
fn=open_verify.constprop.6
1871 77 2 2 0 0 0 49 1 1
1909 21 0 0 7 0 0 0 0 0
1930 35 0 0 7 0 0 14 1 1
1931 14 0 0 0 0 0 0 0 0
1941 2 0 0 0 0 0 2 0 0
1942 4 1 1 0 0 0 2 0 0
1947 12 0 0 2 0 0 2 0 0
1949 4 0 0 0 0 0 0 0 0
1951 6 0 0 2 0 0 2 0 0
1953 4 0 0 0 0 0 0 0 0
1959 4 1 1 0 0 0 0 0 0
1975 22 0 0 0 0 0 2 0 0
1977 2 0 0 2 0 0 0 0 0
1979 8 1 1 0 0 0 2 0 0
2050 4 0 0 2 0 0 0 0 0
2055 4 0 0 2 0 0 0 0 0
2058 8 0 0 2 0 0 0 0 0
2063 4 0 0 2 0 0 0 0 0
2070 14 1 1 2 0 0 0 0 0
2071 8 0 0 2 0 0 0 0 0
2072 2 0 0 0 0 0 0 0 0
2087 90 1 1 0 0 0 0 0 0
2089 34 1 1 16 0 0 0 0 0
2093 8 0 0 4 0 0 0 0 0
2094 4 0 0 0 0 0 0 0 0
2103 24 1 1 0 0 0 4 0 0
2106 2 0 0 0 0 0 0 0 0
2107 6 0 0 2 0 0 0 0 0
2108 6 0 0 2 0 0 0 0 0
2110 6 0 0 0 0 0 0 0 0
2115 2 0 0 0 0 0 0 0 0
2116 2 0 0 0 0 0 0 0 0
2119 4 0 0 0 0 0 0 0 0
2122 6 0 0 2 0 0 0 0 0
2123 10 0 0 2 0 0 0 0 0
2124 4 1 1 2 0 0 0 0 0
2125 6 0 0 2 0 0 0 0 0
2126 12 0 0 4 0 0 0 0 0
2131 5 1 1 0 0 0 0 0 0
2154 56 0 0 49 0 0 0 0 0
fl=/build/eglibc-oGUzwX/eglibc-2.19/elf/dl-lookup.c
fn=_dl_lookup_symbol_x
475 220 0 0 0 0 0 0 0 0
476 6420 0 0 1550 94 93 110 0 0
477 5760 1 1 0 0 0 0 0 0
714 1540 2 2 0 0 0 880 5 2
716 220 0 0 0 0 0 110 2 1
717 220 1 1 0 0 0 220 0 0
720 110 0 0 110 4 1 0 0 0
724 416 0 0 98 0 0 0 0 0
728 220 1 1 0 0 0 110 0 0
729 220 0 0 110 0 0 0 0 0
731 220 0 0 220 9 3 0 0 0
735 920 1 1 10 0 0 220 0 0
737 1430 1 1 660 0 0 770 5 2
740 220 0 0 0 0 0 0 0 0
743 10 0 0 0 0 0 0 0 0
766 220 0 0 110 0 0 0 0 0
768 70 1 1 20 0 0 0 0 0
784 10 1 1 0 0 0 10 0 0
785 20 0 0 0 0 0 0 0 0
788 100 0 0 100 0 0 0 0 0
789 700 0 0 200 0 0 0 0 0
815 100 0 0 0 0 0 0 0 0
824 500 1 1 100 0 0 0 0 0
838 300 0 0 100 7 3 0 0 0
839 2 1 1 0 0 0 1 0 0
841 400 0 0 200 0 0 0 0 0
846 100 0 0 0 0 0 100 0 0
848 880 1 1 770 0 0 0 0 0
fn=_dl_setup_hash
859 15 1 1 5 0 0 0 0 0
863 5 0 0 5 0 0 0 0 0
867 10 1 1 5 5 5 5 1 1
868 5 0 0 5 0 0 0 0 0
869 5 0 0 5 1 1 0 0 0
871 15 0 0 0 0 0 0 0 0
872 5 0 0 0 0 0 5 0 0
873 15 0 0 5 0 0 5 0 0
875 5 0 0 0 0 0 5 0 0
876 10 0 0 0 0 0 0 0 0
878 5 1 1 0 0 0 5 0 0
879 5 0 0 0 0 0 0 0 0
880 20 0 0 0 0 0 5 0 0
881 5 0 0 5 0 0 0 0 0
fn=check_match.9481
131 700 1 1 0 0 0 400 0 0
132 200 0 0 100 20 16 0 0 0
134 400 0 0 200 12 11 0 0 0
136 300 0 0 100 0 0 0 0 0
146 300 1 1 100 0 0 100 7 4
149 374 0 0 187 0 0 29 0 0
153 200 0 0 200 0 0 0 0 0
154 300 0 0 100 0 0 0 0 0
156 196 0 0 0 0 0 0 0 0
175 196 1 1 196 15 11 0 0 0
176 784 0 0 294 6 2 0 0 0
177 490 1 1 196 1 1 98 0 0
204 4 0 0 0 0 0 0 0 0
206 12 0 0 4 1 1 0 0 0
207 8 0 0 2 0 0 0 0 0
222 700 1 1 500 0 0 0 0 0
fn=do_lookup_x
77 880 1 1 330 0 0 550 7 2
82 1320 1 1 220 0 0 770 8 2
83 110 0 0 110 1 0 0 0 0
89 110 0 0 110 0 0 0 0 0
95 455 1 1 0 0 0 455 0 0
96 455 0 0 0 0 0 455 0 0
98 1365 0 0 910 19 5 455 0 0
101 910 0 0 0 0 0 0 0 0
105 910 0 0 455 0 0 0 0 0
109 910 1 1 455 18 5 0 0 0
113 910 0 0 455 2 1 0 0 0
119 1365 0 0 455 13 4 0 0 0
123 910 0 0 910 30 10 0 0 0
124 1365 0 0 910 1 0 455 0 0
225 455 0 0 455 0 0 0 0 0
226 910 1 1 0 0 0 0 0 0
228 455 0 0 455 66 52 0 0 0
229 220 0 0 0 0 0 0 0 0
230 910 0 0 455 0 0 0 0 0
232 440 0 0 0 0 0 0 0 0
233 1820 0 0 455 0 0 0 0 0
236 1820 0 0 0 0 0 0 0 0
237 1365 0 0 0 0 0 0 0 0
239 216 0 0 216 62 58 0 0 0
240 432 1 1 0 0 0 0 0 0
241 216 0 0 0 0 0 0 0 0
243 321 1 1 107 0 0 0 0 0
246 1040 0 0 208 77 74 0 0 0
248 800 1 1 200 0 0 200 0 0
249 800 0 0 0 0 0 500 1 0
250 500 0 0 300 0 0 0 0 0
253 324 0 0 0 0 0 0 0 0
257 355 0 0 0 0 0 355 0 0
281 710 1 1 355 0 0 0 0 0
286 744 1 1 100 0 0 0 0 0
290 242 0 0 14 1 0 100 0 0
303 200 1 1 100 0 0 100 0 0
304 200 0 0 100 0 0 100 0 0
305 100 0 0 0 0 0 0 0 0
461 1962 0 0 654 4 2 0 0 0
462 737 0 0 268 0 0 268 3 2
465 1065 1 1 0 0 0 0 0 0
468 20 0 0 0 0 0 0 0 0
469 880 0 0 770 0 0 0 0 0
fl=/build/eglibc-oGUzwX/eglibc-2.19/elf/dl-minimal.c
fn=__libc_memalign
51 108 1 1 0 0 0 54 1 1
52 133 0 0 53 0 0 0 0 0
57 3 0 0 0 0 0 1 0 0
58 3 1 1 1 0 0 0 0 0
59 1 0 0 0 0 0 0 0 0
63 81 1 1 0 0 0 27 0 0
64 27 0 0 0 0 0 0 0 0
66 177 0 0 0 0 0 0 0 0
70 12 0 0 3 0 0 0 0 0
71 9 1 1 0 0 0 0 0 0
77 21 0 0 0 0 0 3 0 0
79 15 0 0 6 0 0 0 0 0
83 9 0 0 0 0 0 3 0 0
86 27 0 0 0 0 0 27 0 0
87 27 0 0 0 0 0 27 0 0
89 207 0 0 81 0 0 0 0 0
fn=calloc
102 10 1 1 0 0 0 0 0 0
106 10 0 0 0 0 0 0 0 0
109 50 0 0 0 0 0 0 0 0
113 10 0 0 0 0 0 0 0 0
fn=free
119 2 0 0 0 0 0 1 0 0
121 2 1 1 1 0 0 0 0 0
128 2 0 0 2 0 0 0 0 0
fn=malloc
93 26 1 1 0 0 0 0 0 0
94 52 0 0 0 0 0 0 0 0
fn=strsep
338 8 1 1 4 0 0 0 0 0
340 4 0 0 4 0 0 0 0 0
341 8 0 0 0 0 0 0 0 0
345 317 1 1 63 0 0 0 0 0
350 244 0 0 122 0 0 0 0 0
352 366 0 0 122 0 0 0 0 0
360 61 0 0 0 0 0 0 0 0
363 2 0 0 0 0 0 2 0 0
367 4 0 0 4 0 0 0 0 0
fl=/build/eglibc-oGUzwX/eglibc-2.19/elf/dl-misc.c
fn=_dl_name_match_p
288 495 1 1 0 0 0 198 0 0
289 396 0 0 99 0 0 99 3 1
290 105 0 0 0 0 0 0 0 0
292 99 0 0 99 0 0 0 0 0
294 396 0 0 0 0 0 0 0 0
295 525 1 1 105 11 3 105 0 0
298 99 0 0 99 0 0 0 0 0
300 93 0 0 0 0 0 0 0 0
301 495 0 0 297 0 0 0 0 0
fn=_dl_sysdep_read_whole_file
45 7 1 1 0 0 0 4 0 0
46 1 0 0 0 0 0 0 0 0
52 4 1 1 0 0 0 1 0 0
53 2 0 0 0 0 0 0 0 0
55 6 0 0 0 0 0 1 0 0
57 2 0 0 1 0 0 1 1 1
60 2 0 0 0 0 0 0 0 0
62 8 1 1 0 0 0 1 0 0
73 2 0 0 0 0 0 1 0 0
76 7 0 0 5 0 0 0 0 0
fl=/build/eglibc-oGUzwX/eglibc-2.19/elf/dl-object.c
fn=_dl_add_to_namespace_list
32 20 1 1 0 0 0 8 0 0
34 8 0 0 4 0 0 4 0 0
36 29 1 1 4 0 0 0 0 0
39 27 0 0 9 0 0 0 0 0
40 6 0 0 0 0 0 0 0 0
41 3 0 0 0 0 0 3 0 0
43 3 0 0 0 0 0 3 0 0
46 2 0 0 0 0 0 1 0 0
47 12 0 0 4 0 0 0 0 0
48 8 0 0 4 0 0 4 0 0
49 8 0 0 0 0 0 4 0 0
51 12 0 0 4 0 0 0 0 0
52 12 0 0 8 0 0 0 0 0
fn=_dl_new_object
61 56 2 2 0 0 0 40 1 1
62 20 0 0 0 0 0 4 0 0
68 48 1 1 8 0 0 0 0 0
75 20 0 0 0 0 0 8 0 0
78 8 0 0 0 0 0 0 0 0
81 4 0 0 0 0 0 4 3 3
82 8 1 1 0 0 0 4 4 4
86 8 0 0 0 0 0 4 2 2
87 20 0 0 8 0 0 8 2 2
89 4 1 1 0 0 0 4 0 0
97 20 0 0 8 0 0 4 0 0
98 24 0 0 8 4 4 4 0 0
101 8 0 0 4 0 0 0 0 0
102 9 1 1 0 0 0 4 4 4
103 4 1 1 0 0 0 4 0 0
107 4 0 0 0 0 0 4 0 0
110 45 0 0 0 0 0 0 0 0
112 32 0 0 0 0 0 16 5 5
122 8 0 0 0 0 0 4 1 1
123 4 1 1 0 0 0 4 4 4
126 4 0 0 0 0 0 0 0 0
128 24 0 0 4 0 0 0 0 0
130 9 0 0 0 0 0 3 1 1
133 9 0 0 0 0 0 0 0 0
137 9 0 0 3 0 0 0 0 0
141 21 0 0 3 0 0 0 0 0
143 1 1 1 0 0 0 0 0 0
149 1 0 0 0 0 0 1 1 1
152 8 0 0 0 0 0 4 1 1
155 20 1 1 8 0 0 0 0 0
157 15 0 0 3 0 0 6 0 0
161 15 0 0 0 0 0 0 0 0
165 9 1 1 0 0 0 3 0 0
166 12 0 0 0 0 0 0 0 0
211 12 1 1 6 0 0 3 0 0
216 103 0 0 0 0 0 0 0 0
217 112 0 0 53 0 0 0 0 0
222 6 0 0 0 0 0 3 0 0
225 6 0 0 0 0 0 3 0 0
229 32 1 1 28 0 0 0 0 0
fl=/build/eglibc-oGUzwX/eglibc-2.19/elf/dl-open.c
fn=_dl_find_dso_for_object
182 5 1 1 1 0 0 0 0 0
183 13 2 2 4 0 0 0 0 0
184 16 0 0 8 1 0 0 0 0
185 2 0 0 1 0 0 0 0 0
188 2 1 1 1 0 0 0 0 0
192 1 0 0 1 0 0 0 0 0
fl=/build/eglibc-oGUzwX/eglibc-2.19/elf/dl-reloc.c
fn=_dl_relocate_object
154 60 2 2 0 0 0 40 0 0
161 5 0 0 0 0 0 5 0 0
164 10 1 1 0 0 0 0 0 0
165 25 1 1 0 0 0 15 0 0
169 10 0 0 0 0 0 0 0 0
170 20 0 0 10 1 0 0 0 0
176 10 0 0 5 0 0 0 0 0
182 15 0 0 5 0 0 0 0 0
183 10 1 1 5 4 0 0 0 0
186 10 0 0 5 0 0 0 0 0
193 10 0 0 5 2 0 0 0 0
238 15 1 1 10 0 0 5 0 0
264 294 3 3 104 15 1 67 0 0
267 15 0 0 5 0 0 0 0 0
295 5 0 0 5 0 0 0 0 0
298 10 0 0 5 0 0 0 0 0
315 15 0 0 5 3 0 0 0 0
317 40 1 1 35 1 0 0 0 0
323 20 1 1 10 0 0 0 0 0
324 10 0 0 5 0 0 0 0 0
325 10 0 0 0 0 0 0 0 0
328 10 1 1 0 0 0 0 0 0
329 25 0 0 0 0 0 5 0 0
fl=/build/eglibc-oGUzwX/eglibc-2.19/elf/dl-tls.c
fn=__tls_get_addr
770 1 1 1 1 0 0 0 0 0
772 3 0 0 2 2 2 0 0 0
775 3 0 0 2 0 0 0 0 0
777 2 0 0 0 0 0 0 0 0
780 1 0 0 1 0 0 0 0 0
781 1 0 0 1 0 0 0 0 0
fn=_dl_add_to_slotinfo
831 4 1 1 0 0 0 3 0 0
837 2 1 1 1 0 0 0 0 0
840 1 0 0 1 1 0 0 0 0
845 5 0 0 1 0 0 0 0 0
886 1 0 0 0 0 0 1 1 0
887 3 1 1 1 1 0 1 0 0
888 4 0 0 4 0 0 0 0 0
fn=_dl_allocate_tls_init
376 8 1 1 0 0 0 7 0 0
377 2 0 0 0 0 0 0 0 0
381 3 0 0 2 0 0 1 0 0
383 1 0 0 0 0 0 0 0 0
384 1 0 0 0 0 0 0 0 0
389 3 0 0 1 0 0 1 0 0
394 12 1 1 2 0 0 0 0 0
400 9 0 0 0 0 0 0 0 0
403 1 1 1 1 0 0 0 0 0
404 2 0 0 0 0 0 0 0 0
410 3 0 0 1 0 0 0 0 0
412 2 0 0 0 0 0 0 0 0
413 2 0 0 1 0 0 0 0 0
422 2 1 1 1 0 0 0 0 0
423 4 0 0 2 0 0 0 0 0
425 2 0 0 0 0 0 0 0 0
426 2 1 1 1 0 0 0 0 0
434 4 0 0 1 0 0 1 1 0
435 1 0 0 0 0 0 1 0 0
436 11 0 0 4 0 0 2 0 0
450 2 1 1 1 0 0 1 0 0
452 1 0 0 1 0 0 0 0 0
453 8 1 1 7 0 0 0 0 0
fn=_dl_allocate_tls_storage
295 2 0 0 1 0 0 0 0 0
296 3 1 1 0 0 0 1 0 0
297 2 0 0 0 0 0 0 0 0
300 1 0 0 0 0 0 1 1 1
306 2 0 0 0 0 0 1 0 0
328 3 1 1 0 0 0 3 0 0
330 1 0 0 1 0 0 0 0 0
341 4 0 0 1 0 0 1 0 0
342 2 0 0 0 0 0 0 0 0
349 1 0 0 0 0 0 0 0 0
353 306 1 1 0 0 0 288 36 36
370 5 0 0 4 0 0 0 0 0
fn=_dl_determine_tlsoffset
112 7 1 1 0 0 0 6 0 0
113 2 1 1 0 0 0 0 0 0
114 1 0 0 0 0 0 0 0 0
115 1 0 0 0 0 0 0 0 0
118 3 1 1 1 0 0 0 0 0
121 2 0 0 1 0 0 0 0 0
123 1 0 0 0 0 0 0 0 0
155 1 0 0 0 0 0 0 0 0
157 10 0 0 2 1 1 0 0 0
159 3 0 0 1 0 0 0 0 0
161 3 0 0 1 0 0 0 0 0
162 2 1 1 1 0 0 0 0 0
164 2 0 0 0 0 0 0 0 0
166 5 0 0 1 0 0 0 0 0
168 2 1 1 0 0 0 0 0 0
182 9 1 1 0 0 0 0 0 0
184 3 0 0 0 0 0 0 0 0
185 1 0 0 0 0 0 0 0 0
194 1 0 0 0 0 0 1 0 0
197 4 0 0 0 0 0 1 0 0
198 1 0 0 0 0 0 1 0 0
249 1 0 0 0 0 0 1 0 0
250 8 0 0 7 0 0 0 0 0
fn=_dl_next_tls_modid
50 1 1 1 0 0 0 0 0 0
53 3 0 0 2 0 0 0 0 0
101 2 0 0 0 0 0 1 0 0
105 2 0 0 1 0 0 0 0 0
fl=/build/eglibc-oGUzwX/eglibc-2.19/elf/dl-version.c
fn=_dl_check_all_versions
380 6 1 1 0 0 0 4 0 0
382 2 0 0 0 0 0 0 0 0
384 19 0 0 5 0 0 0 0 0
385 5 0 0 0 0 0 0 0 0
386 50 1 1 5 0 0 5 0 0
389 7 0 0 5 0 0 0 0 0
fn=_dl_check_map_versions
56 52 0 0 8 0 0 0 0 0
57 12 0 0 12 0 0 0 0 0
58 84 1 1 0 0 0 16 0 0
174 55 1 1 0 0 0 40 0 0
175 2 0 0 0 0 0 0 0 0
183 2 0 0 0 0 0 0 0 0
189 15 0 0 5 0 0 0 0 0
191 10 0 0 5 0 0 5 0 0
193 10 0 0 5 0 0 5 0 0
194 10 1 1 5 0 0 5 0 0
196 10 0 0 0 0 0 0 0 0
199 12 0 0 9 0 0 3 0 0
203 18 1 1 6 2 2 0 0 0
220 12 0 0 12 0 0 0 0 0
228 12 0 0 4 0 0 0 0 0
233 28 0 0 8 1 1 0 0 0
237 100 2 2 58 2 2 12 0 0
244 24 0 0 6 0 0 0 0 0
247 22 0 0 6 0 0 0 0 0
252 2 0 0 0 0 0 0 0 0
256 16 0 0 8 0 0 0 0 0
261 1 0 0 1 0 0 0 0 0
262 1 1 1 0 0 0 0 0 0
270 15 1 1 5 0 0 0 0 0
273 9 0 0 6 0 0 0 0 0
276 132 0 0 33 0 0 0 0 0
279 99 0 0 33 1 1 0 0 0
283 30 0 0 0 0 0 0 0 0
287 10 1 1 0 0 0 0 0 0
292 4 0 0 0 0 0 4 0 0
293 16 0 0 0 0 0 4 0 0
294 8 1 1 0 0 0 0 0 0
302 4 0 0 0 0 0 4 0 0
305 12 0 0 8 0 0 4 0 0
307 12 0 0 4 0 0 0 0 0
310 12 0 0 9 0 0 0 0 0
314 12 0 0 4 0 0 0 0 0
317 18 1 1 6 0 0 0 0 0
319 18 0 0 0 0 0 0 0 0
321 30 0 0 6 0 0 6 0 0
322 18 0 0 0 0 0 6 5 5
323 18 0 0 6 0 0 6 1 1
324 18 1 1 6 0 0 6 0 0
327 18 0 0 6 0 0 0 0 0
332 2 0 0 0 0 0 0 0 0
335 12 0 0 4 0 0 0 0 0
340 1 0 0 0 0 0 0 0 0
341 1 0 0 0 0 0 0 0 0
345 12 0 0 4 0 0 0 0 0
348 12 0 0 9 0 0 0 0 0
352 33 0 0 33 0 0 0 0 0
354 66 0 0 33 0 0 0 0 0
358 30 0 0 30 0 0 0 0 0
359 150 0 0 30 0 0 30 8 8
360 90 0 0 30 0 0 30 0 0
361 30 0 0 0 0 0 30 3 3
364 99 0 0 33 0 0 0 0 0
368 30 0 0 0 0 0 0 0 0
373 9 0 0 0 0 0 0 0 0
374 40 2 2 35 0 0 0 0 0
fn=match_symbol
76 78 2 2 0 0 0 48 0 0
77 12 0 0 12 0 0 0 0 0
85 12 0 0 6 0 0 0 0 0
91 18 0 0 6 0 0 0 0 0
106 6 0 0 6 1 0 0 0 0
107 12 1 1 0 0 0 0 0 0
109 6 0 0 6 0 0 0 0 0
114 74 0 0 37 11 11 0 0 0
128 74 0 0 37 4 4 0 0 0
130 6 1 1 6 0 0 0 0 0
133 36 0 0 6 1 1 6 0 0
140 93 0 0 31 2 2 0 0 0
144 31 0 0 0 0 0 0 0 0
168 48 0 0 42 0 0 0 0 0
fl=/build/eglibc-oGUzwX/eglibc-2.19/elf/do-rel.h
fn=_dl_relocate_object
47 20 0 0 10 0 0 0 0 0
48 10 0 0 10 0 0 0 0 0
50 4 0 0 0 0 0 0 0 0
51 4 0 0 0 0 0 4 1 0
58 30 0 0 10 0 0 0 0 0
61 184 0 0 0 0 0 0 0 0
63 168 1 1 56 20 20 0 0 0
65 61 1 1 0 0 0 0 0 0
74 8 0 0 0 0 0 0 0 0
75 79 1 1 12 0 0 0 0 0
76 38 0 0 19 0 0 0 0 0
83 12 0 0 6 0 0 6 0 0
84 6 1 1 6 0 0 0 0 0
86 12 0 0 0 0 0 0 0 0
98 18 0 0 0 0 0 0 0 0
108 11 1 1 1 1 1 0 0 0
111 3602 0 0 0 0 0 0 0 0
112 2394 1 1 1197 0 0 0 0 0
118 18 0 0 6 5 0 0 0 0
121 10 1 1 5 3 0 5 1 0
124 338 1 1 108 0 0 0 0 0
127 416 1 1 104 27 24 0 0 0
136 312 0 0 208 44 40 0 0 0
137 596 0 0 104 0 0 104 0 0
138 194 0 0 104 1 0 0 0 0
139 208 0 0 104 1 0 0 0 0
143 8 0 0 0 0 0 0 0 0
160 23 2 2 5 0 0 4 0 0
162 20 0 0 5 2 2 0 0 0
170 25 1 1 5 0 0 5 0 0
171 10 0 0 10 0 0 0 0 0
174 5 0 0 2 0 0 0 0 0
fn=_dl_start
83 1 0 0 1 0 0 0 0 0
84 1 0 0 1 0 0 0 0 0
111 33 1 1 0 0 0 0 0 0
112 20 0 0 10 3 3 0 0 0
116 2 0 0 1 0 0 0 0 0
124 31 1 1 0 0 0 0 0 0
137 45 0 0 9 2 2 0 0 0
139 18 0 0 9 0 0 0 0 0
fl=/build/eglibc-oGUzwX/eglibc-2.19/elf/get-dynamic-info.h
fn=_dl_map_object_from_fd
38 6 0 0 0 0 0 0 0 0
42 3 0 0 0 0 0 0 0 0
44 228 1 1 76 21 21 0 0 0
46 146 1 1 0 0 0 0 0 0
51 71 0 0 0 0 0 0 0 0
52 118 0 0 0 0 0 70 18 18
53 12 0 0 0 0 0 0 0 0
55 3 0 0 0 0 0 0 0 0
56 15 1 1 0 0 0 0 0 0
58 3 0 0 0 0 0 0 0 0
59 15 0 0 0 0 0 0 0 0
60 3 0 0 0 0 0 0 0 0
61 12 0 0 0 0 0 3 0 0
62 73 0 0 0 0 0 0 0 0
69 6 1 1 0 0 0 0 0 0
89 11 0 0 5 0 0 0 0 0
90 12 0 0 6 0 0 0 0 0
91 12 0 0 6 0 0 0 0 0
92 12 0 0 6 0 0 0 0 0
94 12 1 1 6 0 0 0 0 0
99 12 0 0 6 0 0 0 0 0
100 11 0 0 5 1 1 0 0 0
101 12 0 0 6 0 0 0 0 0
107 9 1 1 3 0 0 0 0 0
112 6 0 0 3 0 0 0 0 0
119 6 0 0 3 0 0 0 0 0
120 9 0 0 6 0 0 0 0 0
136 9 0 0 3 0 0 0 0 0
141 4 0 0 2 0 0 2 0 0
143 4 0 0 0 0 0 0 0 0
145 4 0 0 0 0 0 0 0 0
147 4 0 0 0 0 0 0 0 0
150 9 1 1 3 0 0 0 0 0
152 2 0 0 1 0 0 1 0 0
160 2 1 1 1 0 0 0 0 0
161 2 0 0 0 0 0 0 0 0
165 2 0 0 0 0 0 0 0 0
168 6 0 0 3 0 0 0 0 0
fn=_dl_start
44 57 1 1 19 6 6 0 0 0
46 36 0 0 0 0 0 0 0 0
47 26 0 0 0 0 0 13 3 3
51 21 1 1 0 0 0 0 0 0
52 18 0 0 0 0 0 4 2 2
53 4 1 1 0 0 0 0 0 0
55 1 0 0 0 0 0 0 0 0
56 5 0 0 0 0 0 0 0 0
58 2 0 0 0 0 0 0 0 0
59 5 2 2 0 0 0 0 0 0
60 1 0 0 0 0 0 0 0 0
61 5 0 0 0 0 0 1 1 1
62 18 0 0 0 0 0 0 0 0
69 2 0 0 0 0 0 0 0 0
89 4 0 0 2 0 0 0 0 0
90 4 1 1 2 0 0 0 0 0
91 4 0 0 2 0 0 0 0 0
92 4 0 0 2 0 0 0 0 0
94 4 0 0 2 0 0 0 0 0
99 4 1 1 2 0 0 0 0 0
100 4 0 0 2 0 0 0 0 0
101 4 0 0 2 0 0 0 0 0
107 3 0 0 1 0 0 0 0 0
112 2 1 1 1 0 0 0 0 0
119 3 0 0 1 0 0 0 0 0
120 3 0 0 2 0 0 0 0 0
128 3 0 0 1 0 0 0 0 0
130 3 1 1 1 1 1 0 0 0
133 2 0 0 1 0 0 0 0 0
134 2 0 0 1 0 0 0 0 0
fn=dl_main
29 1 0 0 1 0 0 0 0 0
38 2 0 0 0 0 0 0 0 0
42 1 0 0 0 0 0 0 0 0
44 75 0 0 25 7 7 0 0 0
46 48 1 1 0 0 0 0 0 0
51 17 1 1 0 0 0 0 0 0
52 34 0 0 0 0 0 23 5 5
53 4 0 0 0 0 0 0 0 0
55 1 0 0 0 0 0 0 0 0
56 5 1 1 0 0 0 0 0 0
58 1 0 0 0 0 0 0 0 0
59 5 0 0 0 0 0 0 0 0
60 1 0 0 0 0 0 0 0 0
61 4 1 1 0 0 0 1 0 0
62 24 0 0 0 0 0 0 0 0
69 3 1 1 1 0 0 0 0 0
107 3 2 2 1 0 0 0 0 0
112 2 0 0 1 0 0 0 0 0
119 2 0 0 1 0 0 0 0 0
120 3 0 0 2 0 0 0 0 0
136 3 0 0 1 0 0 0 0 0
150 3 1 1 1 0 0 0 0 0
168 2 1 1 1 0 0 0 0 0
fl=/build/eglibc-oGUzwX/eglibc-2.19/elf/rtld.c
fn=_dl_initial_error_catch_tsd
797 12 0 0 6 0 0 0 0 0
fn=_dl_start
284 75 3 3 8 1 1 8 1 1
296 2 0 0 0 0 0 1 1 1
297 2 0 0 0 0 0 1 0 0
298 2 1 1 0 0 0 1 0 0
299 2 0 0 0 0 0 1 1 1
300 2 0 0 0 0 0 1 0 0
321 5 1 1 0 0 0 1 0 0
325 1 0 0 0 0 0 1 0 0
331 4 1 0 0 0 0 1 0 0
340 4 0 0 0 0 0 0 0 0
343 2 0 0 1 1 0 1 1 0
347 2 0 0 1 0 0 0 0 0
361 9 1 1 0 0 0 6 1 1
379 5 0 0 0 0 0 1 1 1
405 1 0 0 0 0 0 1 1 1
408 1 0 0 0 0 0 1 1 1
536 2 0 0 0 0 0 0 0 0
541 34 3 3 9 0 0 0 0 0
543 1 1 1 1 1 1 0 0 0
568 9 0 0 7 1 0 0 0 0
fn=dl_main
887 12 1 1 0 0 0 8 2 2
893 1 0 0 0 0 0 0 0 0
895 2 0 0 0 0 0 0 0 0
896 1 0 0 0 0 0 0 0 0
902 1 0 0 0 0 0 1 0 0
906 2 0 0 0 0 0 1 0 0
909 2 0 0 0 0 0 1 1 1
913 2 0 0 0 0 0 1 1 1
914 2 0 0 0 0 0 1 0 0
919 2 1 1 0 0 0 1 0 0
929 4 2 2 2 0 0 0 0 0
1128 8 1 1 0 0 0 1 0 0
1130 2 0 0 0 0 0 0 0 0
1131 1 0 0 0 0 0 1 1 1
1132 2 1 1 1 0 0 1 0 0
1133 3 0 0 2 0 0 1 0 0
1137 3 0 0 0 0 0 1 0 0
1138 2 0 0 1 0 0 0 0 0
1159 1 0 0 0 0 0 1 0 0
1160 1 0 0 0 0 0 1 0 0
1162 1 0 0 0 0 0 1 0 0
1164 1 1 1 1 0 0 0 0 0
1167 36 1 1 3 0 0 0 0 0
1168 71 1 1 9 5 5 0 0 0
1172 3 1 1 1 0 0 1 0 0
1173 1 0 0 0 0 0 0 0 0
1177 3 1 1 2 0 0 1 0 0
1178 1 0 0 0 0 0 0 0 0
1186 1 0 0 0 0 0 1 1 1
1187 2 1 1 2 1 1 0 0 0
1189 2 1 1 0 0 0 1 0 0
1196 3 0 0 1 0 0 0 0 0
1214 1 0 0 0 0 0 0 0 0
1222 4 0 0 2 0 0 0 0 0
1223 10 2 2 3 1 1 0 0 0
1224 4 0 0 2 0 0 0 0 0
1225 1 0 0 0 0 0 1 0 0
1228 4 0 0 2 1 1 0 0 0
1229 4 0 0 2 0 0 0 0 0
1230 2 0 0 0 0 0 2 0 0
1231 6 0 0 3 0 0 0 0 0
1232 2 0 0 0 0 0 1 0 0
1259 2 1 1 1 0 0 1 1 1
1260 1 0 0 0 0 0 0 0 0
1263 2 0 0 1 0 0 1 0 0
1264 2 0 0 1 0 0 1 0 0
1265 1 0 0 0 0 0 0 0 0
1270 3 0 0 1 1 1 0 0 0
1273 2 0 0 0 0 0 0 0 0
1275 2 0 0 0 0 0 0 0 0
1277 2 1 1 1 0 0 0 0 0
1290 3 0 0 1 0 0 0 0 0
1291 11 1 1 6 0 0 2 0 0
1296 1 0 0 0 0 0 1 0 0
1298 1 0 0 0 0 0 1 1 1
1299 1 0 0 0 0 0 1 0 0
1301 2 0 0 1 0 0 0 0 0
1302 2 1 1 0 0 0 1 0 0
1306 2 0 0 1 0 0 0 0 0
1308 2 0 0 0 0 0 0 0 0
1313 2 0 0 0 0 0 1 0 0
1316 4 1 1 0 0 0 1 0 0
1332 3 1 1 0 0 0 1 0 0
1338 9 1 1 1 0 0 2 0 0
1343 2 1 1 1 0 0 1 0 0
1346 4 0 0 1 0 0 2 0 0
1348 1 0 0 0 0 0 1 0 0
1353 2 0 0 1 0 0 0 0 0
1356 3 0 0 2 0 0 1 0 0
1357 4 1 1 1 0 0 1 0 0
1358 2 0 0 0 0 0 1 0 0
1359 1 0 0 0 0 0 1 0 0
1360 1 0 0 1 0 0 0 0 0
1361 1 0 0 1 0 0 0 0 0
1366 2 0 0 1 0 0 0 0 0
1367 5 1 1 1 0 0 1 0 0
1371 1 0 0 1 0 0 0 0 0
1373 4 0 0 1 0 0 0 0 0
1374 2 0 0 0 0 0 1 0 0
1375 4 1 1 1 1 1 1 0 0
1380 2 0 0 0 0 0 0 0 0
1381 6 0 0 1 1 1 0 0 0
1383 2 0 0 1 0 0 1 1 1
1384 2 0 0 1 0 0 1 0 0
1389 2 0 0 1 1 1 0 0 0
1394 3 1 1 1 0 0 0 0 0
1575 3 0 0 1 0 0 0 0 0
1578 2 0 0 1 0 0 1 0 0
1582 3 1 1 1 0 0 0 0 0
1587 2 0 0 1 0 0 1 0 0
1588 1 0 0 0 0 0 1 0 0
1593 3 0 0 1 0 0 0 0 0
1608 3 1 1 2 0 0 0 0 0
1610 1 0 0 0 0 0 0 0 0
1612 3 0 0 1 0 0 0 0 0
1619 11 1 1 0 0 0 3 0 0
1622 6 0 0 0 0 0 0 0 0
1625 12 1 1 0 0 0 2 0 0
1626 2 0 0 1 0 0 0 0 0
1627 3 0 0 1 0 0 0 0 0
1629 6 1 1 0 0 0 1 0 0
1631 4 0 0 0 0 0 0 0 0
1632 2 0 0 1 0 0 0 0 0
1633 3 1 1 0 0 0 1 0 0
1643 5 0 0 0 0 0 1 0 0
1720 4 1 1 2 0 0 0 0 0
1724 8 1 1 0 0 0 0 0 0
1725 1 0 0 0 0 0 0 0 0
1728 2 0 0 0 0 0 1 0 0
1729 1 0 0 1 0 0 0 0 0
1730 2 0 0 0 0 0 0 0 0
1731 2 1 1 0 0 0 0 0 0
1737 5 0 0 0 0 0 0 0 0
1738 8 0 0 0 0 0 1 0 0
1739 4 1 1 0 0 0 0 0 0
1741 2 0 0 1 0 0 0 0 0
1744 15 0 0 2 0 0 0 0 0
1745 20 0 0 10 0 0 0 0 0
1748 3 0 0 2 0 0 1 0 0
1749 3 1 1 1 0 0 0 0 0
1750 1 0 0 0 0 0 1 0 0
1752 16 1 1 0 0 0 0 0 0
1753 11 0 0 5 0 0 0 0 0
1763 2 1 1 0 0 0 1 0 0
1765 2 0 0 1 0 0 1 0 0
1766 2 1 1 1 0 0 0 0 0
1768 3 0 0 0 0 0 1 0 0
1770 3 0 0 0 0 0 0 0 0
1772 3 0 0 1 0 0 0 0 0
1773 1 1 1 1 0 0 0 0 0
1784 3 1 1 0 0 0 0 0 0
1786 2 0 0 0 0 0 0 0 0
1787 2 0 0 0 0 0 1 0 0
1788 3 0 0 1 0 0 0 0 0
1799 4 0 0 0 0 0 1 0 0
1800 1 1 1 0 0 0 1 0 0
1801 5 0 0 0 0 0 1 0 0
1811 2 1 1 1 0 0 1 0 0
1812 2 0 0 1 0 0 0 0 0
1813 2 0 0 0 0 0 2 0 0
1815 2 0 0 1 0 0 0 0 0
1818 1 0 0 0 0 0 1 0 0
1820 2 0 0 1 0 0 0 0 0
2050 3 1 1 1 0 0 0 0 0
2106 2 1 1 0 0 0 1 0 0
2110 4 1 1 2 0 0 2 0 0
2114 2 0 0 1 0 0 1 0 0
2117 2 0 0 0 0 0 0 0 0
2125 2 1 1 0 0 0 0 0 0
2136 1 1 1 1 0 0 0 0 0
2171 3 2 2 1 0 0 0 0 0
2178 1 0 0 1 0 0 0 0 0
2180 11 0 0 1 0 0 1 0 0
2182 15 1 1 1 1 0 0 0 0
2184 15 1 1 10 2 0 0 0 0
2189 10 0 0 10 0 0 0 0 0
2191 12 0 0 0 0 0 0 0 0
2193 1 1 1 0 0 0 1 0 0
2194 1 0 0 1 0 0 0 0 0
2197 5 0 0 5 0 0 0 0 0
2199 15 0 0 0 0 0 0 0 0
2200 32 0 0 8 3 0 4 0 0
2204 17 0 0 6 1 0 0 0 0
2205 3 0 0 0 0 0 1 0 0
2207 4 0 0 0 0 0 0 0 0
2209 2 1 1 0 0 0 1 0 0
2215 2 0 0 1 0 0 0 0 0
2220 4 1 1 2 0 0 0 0 0
2221 1 1 1 1 0 0 0 0 0
2226 2 0 0 1 0 0 1 0 0
2230 2 0 0 1 0 0 0 0 0
2244 3 1 1 2 1 0 0 0 0
2246 4 1 1 1 0 0 0 0 0
2261 5 0 0 0 0 0 0 0 0
2263 1 0 0 1 0 0 0 0 0
2264 5 0 0 1 0 0 1 0 0
2265 4 0 0 0 0 0 0 0 0
2267 3 0 0 1 0 0 0 0 0
2275 1 0 0 0 0 0 1 0 0
2279 3 0 0 1 0 0 0 0 0
2299 3 0 0 0 0 0 1 0 0
2300 1 0 0 0 0 0 1 0 0
2301 1 0 0 0 0 0 1 0 0
2306 1 0 0 0 0 0 1 0 0
2311 8 1 1 7 2 0 0 0 0
2481 2 0 0 1 0 0 1 1 1
2483 1 0 0 0 0 0 0 0 0
2484 1 0 0 0 0 0 0 0 0
2488 13 2 2 1 0 0 4 0 0
2490 15 0 0 3 0 0 3 1 1
2494 105 1 1 21 0 0 0 0 0
2495 19 0 0 0 0 0 0 0 0
2497 4 0 0 0 0 0 0 0 0
2503 16 0 0 2 0 0 0 0 0
2526 6 1 1 0 0 0 1 0 0
2533 6 1 1 0 0 0 1 0 0
2535 3 1 1 0 0 0 1 0 0
2579 6 1 1 0 0 0 1 0 0
2581 3 1 1 0 0 0 1 0 0
2653 3 1 1 1 0 0 0 0 0
2686 3 0 0 1 0 0 0 0 0
fn=do_preload
803 6 0 0 0 0 0 3 0 0
805 1 0 0 0 0 0 1 0 0
809 1 0 0 0 0 0 1 0 0
810 1 1 1 0 0 0 1 0 0
811 1 0 0 0 0 0 1 0 0
813 1 0 0 1 0 0 0 0 0
815 6 0 0 0 0 0 1 0 0
816 3 0 0 1 0 0 0 0 0
824 3 1 1 1 0 0 0 0 0
830 5 0 0 4 0 0 0 0 0
fn=init_tls
716 1 0 0 0 0 0 1 0 0
718 2 0 0 1 0 0 1 0 0
722 2 0 0 1 0 0 0 0 0
723 1 1 1 0 0 0 0 0 0
728 2 0 0 0 0 0 1 0 0
731 1 0 0 0 0 0 1 0 0
732 4 0 0 0 0 0 1 0 0
737 1 0 0 0 0 0 0 0 0
739 1 0 0 0 0 0 1 0 0
743 2 1 1 1 1 1 0 0 0
744 1 0 0 0 0 0 0 0 0
745 13 1 1 1 0 0 0 0 0
746 10 0 0 5 0 0 0 0 0
747 10 0 0 5 1 0 0 0 0
751 3 0 0 0 0 0 1 0 0
753 1 0 0 0 0 0 0 0 0
755 3 0 0 0 0 0 0 0 0
758 1 1 1 0 0 0 1 0 0
765 2 0 0 0 0 0 1 0 0
766 2 0 0 0 0 0 0 0 0
772 2 1 1 1 0 0 1 0 0
780 7 0 0 0 0 0 2 0 0
784 1 1 1 0 0 0 1 0 0
786 1 0 0 0 0 0 0 0 0
787 2 0 0 2 0 0 0 0 0
fn=map_doit
624 2 1 1 0 0 0 1 0 0
626 8 1 1 3 0 0 2 0 0
628 2 0 0 2 0 0 0 0 0
fn=rtld_lock_default_lock_recursive
837 12 1 1 12 2 1 0 0 0
fn=rtld_lock_default_unlock_recursive
843 12 2 1 12 1 0 0 0 0
fn=security_init
850 2 0 0 0 0 0 1 0 0
852 1 0 0 1 0 0 0 0 0
854 1 0 0 0 0 0 1 0 0
861 1 0 0 1 0 0 0 0 0
863 1 0 0 0 0 0 1 0 0
865 1 0 0 0 0 0 1 0 0
870 1 1 1 0 0 0 1 0 0
871 3 0 0 2 0 0 0 0 0
fn=version_check_doit
656 2 1 1 0 0 0 1 0 0
658 6 0 0 2 0 0 1 0 0
662 2 0 0 2 0 0 0 0 0
fl=/build/eglibc-oGUzwX/eglibc-2.19/elf/setup-vdso.h
fn=dl_main
24 2 0 0 1 0 0 0 0 0
fl=/build/eglibc-oGUzwX/eglibc-2.19/io/../sysdeps/unix/syscall-template.S
fn=__write_nocancel
81 5 0 0 1 0 0 0 0 0
fn=access
81 16 1 1 0 0 0 0 0 0
83 20 1 1 4 0 0 4 1 1
fn=close
81 16 1 1 0 0 0 0 0 0
82 4 0 0 4 0 0 0 0 0
fn=open
81 36 1 1 0 0 0 0 0 0
82 4 0 0 4 0 0 0 0 0
83 25 0 0 5 0 0 5 0 0
fn=read
81 12 0 0 0 0 0 0 0 0
82 3 0 0 3 0 0 0 0 0
fn=write
81 2 1 1 1 0 0 0 0 0
fl=/build/eglibc-oGUzwX/eglibc-2.19/io/../sysdeps/unix/sysv/linux/wordsize-64/fxstat.c
fn=_fxstat
33 5 0 0 0 0 0 0 0 0
34 10 2 2 0 0 0 0 0 0
35 30 0 0 0 0 0 0 0 0
39 5 0 0 5 0 0 0 0 0
fl=/build/eglibc-oGUzwX/eglibc-2.19/io/../sysdeps/unix/sysv/linux/wordsize-64/xstat.c
fn=_xstat
33 4 0 0 0 0 0 0 0 0
34 8 1 1 0 0 0 0 0 0
35 36 0 0 3 0 0 3 0 0
39 1 0 0 1 0 0 0 0 0
fl=/build/eglibc-oGUzwX/eglibc-2.19/libio/../sysdeps/unix/sysv/linux/sys/sysmacros.h
fn=_IO_file_doallocate
41 6 0 0 0 0 0 0 0 0
fl=/build/eglibc-oGUzwX/eglibc-2.19/libio/filedoalloc.c
fn=_IO_file_doallocate
96 5 1 1 0 0 0 3 0 0
111 8 1 1 3 1 1 1 1 1
113 4 0 0 1 1 1 0 0 0
116 2 0 0 0 0 0 0 0 0
118 2 2 2 1 0 0 0 0 0
121 1 0 0 1 0 0 0 0 0
124 6 1 1 1 0 0 0 0 0
128 8 0 0 0 0 0 1 0 0
129 5 0 0 0 0 0 1 0 0
130 1 0 0 0 0 0 0 0 0
131 5 0 0 4 0 0 0 0 0
fl=/build/eglibc-oGUzwX/eglibc-2.19/libio/fileops.c
fn=_IO_do_write@@GLIBC_2.2.5
509 12 1 1 0 0 0 8 0 0
511 10 0 0 0 0 0 0 0 0
512 12 0 0 10 0 0 0 0 0
523 4 1 1 1 0 0 0 0 0
530 4 0 0 2 0 0 0 0 0
538 6 1 1 2 0 0 1 0 0
539 3 0 0 1 0 0 0 0 0
541 4 1 1 1 0 0 3 0 0
542 2 0 0 0 0 0 2 0 0
543 1 0 0 0 0 0 1 0 0
544 2 1 1 1 0 0 0 0 0
545 3 0 0 1 0 0 0 0 0
fn=_IO_file_overflow@@GLIBC_2.2.5
824 24 1 1 0 0 0 18 0 0
825 18 0 0 6 0 0 0 0 0
832 38 0 0 10 0 0 0 0 0
835 2 1 1 1 0 0 0 0 0
837 2 1 1 0 0 0 1 0 0
838 6 0 0 2 0 0 3 0 0
847 2 1 1 0 0 0 0 0 0
856 4 0 0 2 0 0 0 0 0
858 1 0 0 0 0 0 1 0 0
859 2 0 0 0 0 0 1 0 0
860 1 0 0 0 0 0 1 0 0
861 2 0 0 0 0 0 2 0 0
863 3 1 1 0 0 0 1 0 0
864 5 0 0 1 0 0 0 0 0
865 2 0 0 0 0 0 1 0 0
867 12 0 0 0 0 0 0 0 0
868 4 1 1 0 0 0 0 0 0
869 2 0 0 0 0 0 0 0 0
870 8 0 0 4 0 0 0 0 0
873 12 0 0 0 0 0 8 1 1
874 12 0 0 4 0 0 0 0 0
875 16 0 0 0 0 0 0 0 0
879 4 0 0 0 0 0 0 0 0
880 22 0 0 22 0 0 0 0 0
fn=_IO_file_setbuf@@GLIBC_2.2.5
461 2 1 1 0 0 0 1 0 0
462 3 0 0 0 0 0 1 0 0
465 2 0 0 0 0 0 2 0 0
466 2 0 0 1 0 0 1 0 0
467 3 0 0 0 0 0 3 0 0
469 1 0 0 0 0 0 0 0 0
470 2 0 0 2 0 0 0 0 0
fn=_IO_file_stat
1222 1 1 1 0 0 0 0 0 0
1223 3 0 0 1 0 0 0 0 0
fn=_IO_file_sync@@GLIBC_2.2.5
886 2 1 1 0 0 0 1 0 0
891 4 0 0 2 0 0 0 0 0
893 1 1 1 1 0 0 0 0 0
894 2 0 0 1 0 0 0 0 0
911 2 0 0 0 0 0 1 0 0
915 2 0 0 2 0 0 0 0 0
fn=_IO_file_write@@GLIBC_2.2.5
1254 7 1 1 0 0 0 4 0 0
1256 7 0 0 0 0 0 0 0 0
1260 3 0 0 1 0 0 0 0 0
1261 3 1 1 1 0 0 1 0 0
1262 2 0 0 0 0 0 0 0 0
1267 1 0 0 0 0 0 0 0 0
1268 1 0 0 0 0 0 0 0 0
1271 3 0 0 1 0 0 0 0 0
1274 9 1 1 5 0 0 0 0 0
fn=_IO_file_xsputn@@GLIBC_2.2.5
1281 24 2 2 0 0 0 18 1 1
1287 6 0 0 0 0 0 0 0 0
1288 3 0 0 0 0 0 0 0 0
1294 12 0 0 2 0 0 0 0 0
1296 3 0 0 2 0 0 0 0 0
1297 2 0 0 0 0 0 0 0 0
1300 3 1 1 0 0 0 0 0 0
1302 4 0 0 1 0 0 0 0 0
1304 4 1 1 0 0 0 0 0 0
1311 6 1 1 2 0 0 0 0 0
1315 4 0 0 0 0 0 0 0 0
1320 5 0 0 0 0 0 2 0 0
1325 1 0 0 0 0 0 0 0 0
1326 3 0 0 0 0 0 0 0 0
1328 6 0 0 0 0 0 0 0 0
1332 12 0 0 4 1 1 2 0 0
1338 4 0 0 4 0 0 0 0 0
1339 12 1 1 0 0 0 0 0 0
1341 6 0 0 0 0 0 0 0 0
1352 4 0 0 0 0 0 0 0 0
1353 6 0 0 0 0 0 1 0 0
1355 4 0 0 0 0 0 0 0 0
1356 24 1 1 21 0 0 0 0 0
fl=/build/eglibc-oGUzwX/eglibc-2.19/libio/genops.c
fn=_IO_cleanup
950 13 2 2 4 0 0 0 0 0
952 9 0 0 3 0 0 0 0 0
953 4 0 0 0 0 0 0 0 0
954 2 0 0 0 0 0 0 0 0
956 4 0 0 1 0 0 0 0 0
962 17 1 1 7 2 0 2 0 0
970 5 0 0 2 0 0 0 0 0
972 2 0 0 0 0 0 1 0 0
974 2 0 0 1 0 0 1 0 0
975 1 1 1 0 0 0 1 0 0
976 2 0 0 1 0 0 1 0 0
977 4 0 0 1 0 0 1 0 0
980 5 0 0 2 1 0 1 0 0
983 5 0 0 1 0 0 0 0 0
984 8 1 1 3 0 0 1 0 0
990 3 1 1 0 0 0 3 0 0
1010 5 1 1 0 0 0 4 0 0
1013 3 0 0 0 0 0 1 0 0
1025 7 0 0 5 0 0 0 0 0
fn=_IO_default_setbuf
400 5 0 0 1 0 0 0 0 0
402 1 0 0 0 0 0 1 0 0
403 1 0 0 0 0 0 1 0 0
407 2 1 1 0 0 0 1 0 0
557 6 1 1 0 0 0 3 0 0
558 4 1 1 2 1 0 1 0 0
560 2 0 0 0 0 0 0 0 0
562 2 0 0 0 0 0 1 0 0
563 2 0 0 0 0 0 0 0 0
567 2 0 0 1 0 0 0 0 0
570 3 0 0 0 0 0 3 0 0
571 3 0 0 0 0 0 3 0 0
572 1 0 0 0 0 0 0 0 0
573 4 1 1 4 0 0 0 0 0
fn=_IO_default_xsputn
447 6 1 1 0 0 0 5 0 0
450 6 0 0 0 0 0 0 0 0
451 1 0 0 0 0 0 0 0 0
455 20 1 1 10 0 0 0 0 0
480 42 1 1 12 0 0 4 0 0
482 4 0 0 0 0 0 0 0 0
484 2 1 1 0 0 0 0 0 0
485 6 0 0 6 0 0 0 0 0
fn=_IO_doallocbuf
414 4 1 1 0 0 0 3 1 1
415 2 0 0 1 0 0 0 0 0
417 3 1 1 1 0 0 0 0 0
418 5 0 0 2 1 1 1 0 0
421 4 0 0 4 0 0 0 0 0
fn=_IO_flush_all_lockp
822 8 1 1 0 0 0 6 0 0
823 1 0 0 0 0 0 0 0 0
828 3 0 0 0 0 0 0 0 0
833 1 0 0 1 1 1 0 0 0
834 1 1 1 1 1 1 0 0 0
835 8 0 0 0 0 0 0 0 0
837 3 0 0 0 0 0 3 0 0
838 6 1 1 0 0 0 0 0 0
839 2 0 0 1 0 0 0 0 0
841 21 2 2 9 6 4 0 0 0
851 6 1 1 0 0 0 0 0 0
853 3 1 1 0 0 0 3 0 0
855 9 1 1 3 0 0 0 0 0
862 3 0 0 3 3 2 0 0 0
866 2 0 0 0 0 0 0 0 0
868 2 0 0 0 0 0 0 0 0
872 9 0 0 7 0 0 0 0 0
fn=_IO_setb
399 5 1 1 0 0 0 2 0 0
400 4 0 0 2 0 0 0 0 0
402 1 0 0 0 0 0 1 0 0
403 1 0 0 0 0 0 1 0 0
405 6 0 0 0 0 0 1 0 0
408 4 0 0 3 0 0 0 0 0
fl=/build/eglibc-oGUzwX/eglibc-2.19/malloc/arena.c
fn=malloc_hook_ini
373 3 0 0 1 1 1 0 0 0
fn=ptmalloc_init.part.7
334 201 0 0 67 10 0 0 0 0
336 132 0 0 66 32 0 0 0 0
337 2 1 1 1 0 0 0 0 0
338 2 0 0 1 0 0 0 0 0
352 66 0 0 0 0 0 0 0 0
371 6 1 1 0 0 0 5 0 0
376 1 0 0 0 0 0 1 0 0
384 2 1 1 1 0 0 0 0 0
385 7 1 1 0 0 0 1 0 0
386 4 0 0 2 0 0 0 0 0
391 3 0 0 1 1 0 1 1 0
392 12 1 1 1 1 0 6 2 2
394 5 1 1 2 1 0 0 0 0
410 2 0 0 0 0 0 0 0 0
455 2 0 0 0 0 0 0 0 0
461 2 1 1 2 1 1 0 0 0
462 2 0 0 0 0 0 0 0 0
464 1 0 0 0 0 0 1 1 0
465 7 0 0 6 1 0 0 0 0
fl=/build/eglibc-oGUzwX/eglibc-2.19/malloc/hooks.c
fn=malloc_hook_ini
29 4 0 0 1 0 0 2 0 0
30 2 1 1 1 0 0 1 0 0
32 1 0 0 0 0 0 0 0 0
33 1 0 0 0 0 0 0 0 0
fl=/build/eglibc-oGUzwX/eglibc-2.19/malloc/malloc.c
fn=_int_free
1869 18126 0 0 6042 1 1 0 0 0
3814 54378 1 1 0 0 0 42294 1 0
3825 39 0 0 0 0 0 39 0 0
3827 18126 0 0 6042 0 0 0 0 0
3833 24168 0 0 0 0 0 0 0 0
3834 12084 1 1 0 0 0 0 0 0
3845 24168 0 0 0 0 0 0 0 0
3858 18126 0 0 6042 1 1 0 0 0
3933 12084 1 1 0 0 0 0 0 0
3934 18165 0 0 6042 0 0 0 0 0
3943 42021 2 2 18009 1 1 0 0 0
3945 12006 0 0 0 0 0 6003 0 0
3948 6042 0 0 0 0 0 0 0 0
3952 18126 0 0 6042 1 1 0 0 0
3958 12084 0 0 6042 0 0 0 0 0
3966 18126 1 1 6042 41 41 0 0 0
3972 12084 0 0 0 0 0 0 0 0
3973 12084 0 0 0 0 0 0 0 0
3974 12084 0 0 6042 1 1 0 0 0
3983 12084 0 0 6042 0 0 0 0 0
3984 5961 0 0 5961 0 0 0 0 0
3985 5961 0 0 0 0 0 0 0 0
3986 5961 1 1 0 0 0 0 0 0
3987 77493 0 0 35766 3 2 11922 0 0
3990 12084 1 1 6042 0 0 0 0 0
3995 12082 0 0 6041 5964 5962 0 0 0
3996 583 3 3 264 84 81 90 0 0
3997 41 0 0 0 0 0 0 0 0
3999 12000 1 1 6000 0 0 0 0 0
4007 6041 0 0 0 0 0 0 0 0
4008 6041 1 1 6041 1 1 0 0 0
4009 12082 0 0 6041 0 0 0 0 0
4014 6041 0 0 0 0 0 6041 2 2
4015 6041 0 0 0 0 0 6041 0 0
4016 12082 0 0 0 0 0 0 0 0
4018 6041 1 1 0 0 0 6041 38 38
4019 6041 0 0 0 0 0 6041 0 0
4021 6041 0 0 0 0 0 6041 0 0
4022 6041 0 0 0 0 0 6041 0 0
4024 18123 0 0 0 0 0 6041 0 0
4025 6041 0 0 0 0 0 6041 0 0
4036 1 1 1 0 0 0 0 0 0
4037 3 0 0 0 0 0 1 0 0
4038 2 0 0 0 0 0 1 0 0
4055 12084 0 0 0 0 0 0 0 0
4056 11346 0 0 5673 0 0 0 0 0
4059 17019 1 1 0 0 0 0 0 0
4061 28365 1 1 17019 2 2 0 0 0
4063 28365 1 1 5673 0 0 5673 0 0
4075 18126 1 1 6042 0 0 0 0 0
4076 18009 0 0 6003 0 0 0 0 0
4077 24012 0 0 12006 0 0 0 0 0
4087 48336 1 1 42294 0 0 0 0 0
fn=_int_malloc
1862 18009 0 0 6003 1 1 0 0 0
2271 500 1 1 200 2 0 200 0 0
2272 200 1 1 0 0 0 0 0 0
2282 200 0 0 100 1 1 0 0 0
2360 100 0 0 0 0 0 0 0 0
2369 796 2 2 99 0 0 0 0 0
2375 198 0 0 99 0 0 0 0 0
2378 300 1 1 0 0 0 0 0 0
2433 200 1 1 100 0 0 0 0 0
2442 500 0 0 100 0 0 0 0 0
2452 900 1 1 100 0 0 200 0 0
2460 200 1 1 0 0 0 0 0 0
2462 600 0 0 300 1 0 200 0 0
2466 500 0 0 200 0 0 0 0 0
2469 122 0 0 122 0 0 0 0 0
2470 122 0 0 0 0 0 0 0 0
2485 78 0 0 0 0 0 0 0 0
2486 4 0 0 2 0 0 0 0 0
2489 178 1 1 0 0 0 0 0 0
2493 195 0 0 78 0 0 0 0 0
2495 312 1 1 0 0 0 39 0 0
2497 78 0 0 0 0 0 0 0 0
2509 117 0 0 39 0 0 0 0 0
2514 78 0 0 0 0 0 0 0 0
2516 200 0 0 100 1 1 0 0 0
2517 1 0 0 0 0 0 1 0 0
2518 300 0 0 100 0 0 100 0 0
2524 394 0 0 0 0 0 0 0 0
2525 360 1 1 60 0 0 60 0 0
2527 86 3 3 40 0 0 0 0 0
2556 39 0 0 0 0 0 0 0 0
2569 6 2 2 0 0 0 0 0 0
2588 1 0 0 0 0 0 0 0 0
2591 2 0 0 0 0 0 0 0 0
2592 7 1 1 2 0 0 0 0 0
2594 2 0 0 0 0 0 0 0 0
2595 4 0 0 2 0 0 2 0 0
2607 3 0 0 1 0 0 0 0 0
2615 2 0 0 2 0 0 0 0 0
2616 3 1 1 1 0 0 0 0 0
2626 117 1 1 0 0 0 0 0 0
2645 117 0 0 0 0 0 0 0 0
2654 40 0 0 0 0 0 40 0 0
2655 200 0 0 0 0 0 40 40 40
2656 80 0 0 0 0 0 40 0 0
2667 80 0 0 0 0 0 0 0 0
2674 78 0 0 0 0 0 0 0 0
2675 117 0 0 0 0 0 39 0 0
2683 39 0 0 0 0 0 39 39 39
2686 39 0 0 0 0 0 39 0 0
2690 78 0 0 0 0 0 0 0 0
2692 195 0 0 0 0 0 39 0 0
2700 200 1 1 100 0 0 0 0 0
2701 100 0 0 0 0 0 100 0 0
2706 200 0 0 100 0 0 0 0 0
2709 200 1 1 100 0 0 0 0 0
2711 100 0 0 0 0 0 0 0 0
2712 100 0 0 0 0 0 0 0 0
2713 100 0 0 0 0 0 100 0 0
2714 800 0 0 0 0 0 100 0 0
2715 200 0 0 0 0 0 100 100 100
2717 100 0 0 0 0 0 0 0 0
3302 48024 2 2 0 0 0 42021 1 0
3332 60030 0 0 0 0 0 0 0 0
3340 12006 0 0 6003 1 1 0 0 0
3377 12006 1 1 0 0 0 0 0 0
3421 54042 3 3 0 0 0 0 0 0
3422 12006 0 0 6003 0 0 0 0 0
3423 4 0 0 1 0 0 2 0 0
3442 30132 1 1 6042 0 0 0 0 0
3444 39 0 0 39 0 0 0 0 0
3445 117 0 0 39 0 0 0 0 0
3446 78 1 1 39 0 0 0 0 0
3449 39 0 0 0 0 0 0 0 0
3459 78 0 0 0 0 0 0 0 0
3488 39 0 0 0 0 0 39 0 0
3489 39 0 0 0 0 0 39 0 0
3493 78 0 0 0 0 0 0 0 0
3506 78 0 0 0 0 0 0 0 0
3514 468 3 3 0 0 0 0 0 0
3515 39 0 0 0 0 0 0 0 0
3516 39 0 0 39 1 0 0 0 0
3519 78 0 0 0 0 0 0 0 0
3522 38 0 0 0 0 0 0 0 0
3524 152 0 0 76 0 0 0 0 0
3525 76 0 0 0 0 0 0 0 0
3530 1 0 0 0 0 0 1 0 0
3531 2 0 0 1 0 0 1 0 0
3532 3 0 0 0 0 0 2 0 0
3536 111 0 0 37 0 0 0 0 0
3537 148 1 1 0 0 0 0 0 0
3539 37 0 0 37 0 0 0 0 0
3540 111 0 0 37 0 0 0 0 0
3543 37 0 0 0 0 0 0 0 0
3545 74 0 0 37 0 0 0 0 0
3553 74 1 1 37 0 0 0 0 0
3557 4 0 0 0 0 0 2 0 0
3560 234 0 0 39 0 0 0 0 0
3561 39 0 0 0 0 0 39 0 0
3562 39 0 0 0 0 0 39 0 0
3563 39 0 0 0 0 0 39 0 0
3564 39 0 0 0 0 0 39 0 0
3567 78 0 0 0 0 0 0 0 0
3576 12006 2 2 0 0 0 0 0 0
3578 12006 1 1 0 0 0 0 0 0
3581 18009 0 0 6003 0 0 0 0 0
3649 6003 0 0 0 0 0 0 0 0
3650 12006 0 0 0 0 0 0 0 0
3651 12006 0 0 0 0 0 0 0 0
3652 12006 0 0 6003 1 0 0 0 0
3653 12006 0 0 0 0 0 0 0 0
3658 36018 0 0 0 0 0 0 0 0
3662 18009 1 1 0 0 0 0 0 0
3765 6003 1 1 6003 0 0 0 0 0
3766 18009 0 0 6003 0 0 0 0 0
3768 18009 0 0 0 0 0 0 0 0
3770 5903 0 0 0 0 0 0 0 0
3771 5903 0 0 0 0 0 0 0 0
3772 5903 0 0 0 0 0 5903 0 0
3773 47224 1 1 0 0 0 5903 0 0
3775 11806 0 0 0 0 0 5903 5903 5903
3778 5903 0 0 0 0 0 0 0 0
3785 200 0 0 100 0 0 0 0 0
3790 24012 1 1 0 0 0 6003 0 0
3792 150075 1 1 0 0 0 60030 0 0
3801 200 0 0 0 0 0 0 0 0
3806 54027 0 0 42021 0 0 0 0 0
4990 24012 1 1 0 0 0 12006 0 0
4992 18009 0 0 6003 0 0 6003 0 0
5000 100 1 1 0 0 0 100 0 0
fn=free
2917 12006 1 1 12006 2 2 0 0 0
2918 12006 0 0 0 0 0 0 0 0
2924 12006 0 0 0 0 0 0 0 0
2927 6003 0 0 0 0 0 0 0 0
2929 18009 0 0 6003 42 40 0 0 0
2945 18009 0 0 0 0 0 0 0 0
2946 12006 1 1 0 0 0 0 0 0
fn=malloc
2876 24016 1 1 0 0 0 12008 0 0
2881 12008 0 0 12008 3 0 0 0 0
2882 12008 0 0 0 0 0 0 0 0
2883 2 1 1 1 0 0 0 0 0
2885 12006 1 1 12006 0 0 0 0 0
2887 48024 0 0 12006 1 0 0 0 0
2891 24012 0 0 0 0 0 6003 0 0
2892 12006 1 1 0 0 0 0 0 0
2903 24012 0 0 12006 0 0 0 0 0
2904 48024 0 0 6003 0 0 0 0 0
2907 30018 1 1 18012 0 0 0 0 0
fn=malloc_consolidate
1785 381 0 0 0 0 0 0 0 0
1788 381 0 0 0 0 0 254 32 32
1792 3 0 0 0 0 0 0 0 0
1796 3 1 1 1 0 0 1 0 0
1797 2 1 1 0 0 0 1 0 0
1799 1 0 0 0 0 0 1 1 1
4104 8 2 2 0 0 0 6 1 0
4126 5 0 0 1 0 0 0 0 0
4199 8 0 0 7 0 0 0 0 0
4996 1 1 1 0 0 0 0 0 0
fn=systrim.isra.1
2736 51057 1 1 0 0 0 34038 0 0
2746 11346 0 0 11346 0 0 0 0 0
2747 17019 0 0 11346 0 0 0 0 0
2749 5673 0 0 0 0 0 0 0 0
2750 11346 1 1 0 0 0 0 0 0
2751 5673 0 0 0 0 0 0 0 0
2760 28365 0 0 11346 1 1 5673 0 0
2761 22692 0 0 5673 0 0 0 0 0
2797 45384 0 0 39711 0 0 0 0 0
fl=/build/eglibc-oGUzwX/eglibc-2.19/malloc/morecore.c
fn=__default_morecore
46 5774 1 1 0 0 0 0 0 0
47 5774 0 0 0 0 0 5774 0 0
49 17322 0 0 0 0 0 0 0 0
52 17322 0 0 5774 0 0 0 0 0
fl=/build/eglibc-oGUzwX/eglibc-2.19/math/../sysdeps/ieee754/dbl-64/wordsize-64/s_round.c
fn=round
30 1 0 0 0 0 0 0 0 0
33 1 1 1 0 0 0 0 0 0
34 4 0 0 0 0 0 0 0 0
35 2 0 0 0 0 0 0 0 0
37 2 0 0 0 0 0 0 0 0
47 2 0 0 0 0 0 0 0 0
48 2 0 0 0 0 0 0 0 0
51 1 1 1 1 1 1 0 0 0
54 3 0 0 0 0 0 0 0 0
55 2 0 0 0 0 0 0 0 0
68 1 0 0 0 0 0 0 0 0
69 1 0 0 1 0 0 0 0 0
fl=/build/eglibc-oGUzwX/eglibc-2.19/math/../sysdeps/x86_64/fpu/math_private.h
fn=sqrt
58 1 0 0 0 0 0 0 0 0
fl=/build/eglibc-oGUzwX/eglibc-2.19/math/../sysdeps/x86_64/fpu/multiarch/e_asin.c
fn=__acos_finite
10 7 1 1 2 0 0 1 0 0
fn=__asin_finite
14 7 1 1 2 0 0 1 0 0
fl=/build/eglibc-oGUzwX/eglibc-2.19/math/../sysdeps/x86_64/fpu/multiarch/e_atan2.c
fn=__atan2_finite
15 1 1 1 0 0 0 0 0 0
fl=/build/eglibc-oGUzwX/eglibc-2.19/math/../sysdeps/x86_64/fpu/multiarch/e_exp.c
fn=__exp_finite
15 10 2 2 2 0 0 1 0 0
fl=/build/eglibc-oGUzwX/eglibc-2.19/math/../sysdeps/x86_64/fpu/multiarch/e_log.c
fn=__log_finite
15 1 1 1 0 0 0 0 0 0
fl=/build/eglibc-oGUzwX/eglibc-2.19/math/../sysdeps/x86_64/fpu/multiarch/e_pow.c
fn=__pow_finite
8 7 1 1 2 0 0 1 0 0
fl=/build/eglibc-oGUzwX/eglibc-2.19/math/../sysdeps/x86_64/fpu/multiarch/s_ceil.S
fn=ceil
25 1 1 1 0 0 0 1 0 0
26 1 0 0 0 0 0 0 0 0
27 1 0 0 0 0 0 0 0 0
28 1 0 0 1 0 0 0 0 0
29 1 0 0 0 0 0 0 0 0
31 1 0 0 1 0 0 0 0 0
fl=/build/eglibc-oGUzwX/eglibc-2.19/math/../sysdeps/x86_64/fpu/multiarch/s_ceilf.S
fn=ceilf
25 1 1 1 0 0 0 1 0 0
26 1 0 0 0 0 0 0 0 0
27 1 0 0 0 0 0 0 0 0
28 1 0 0 1 0 0 0 0 0
29 1 0 0 0 0 0 0 0 0
31 1 0 0 1 0 0 0 0 0
fl=/build/eglibc-oGUzwX/eglibc-2.19/math/../sysdeps/x86_64/fpu/multiarch/s_floor.S
fn=floor
25 1 1 1 0 0 0 1 0 0
26 1 0 0 0 0 0 0 0 0
27 1 0 0 0 0 0 0 0 0
28 1 0 0 1 0 0 0 0 0
29 1 0 0 0 0 0 0 0 0
31 1 0 0 1 0 0 0 0 0
fl=/build/eglibc-oGUzwX/eglibc-2.19/math/../sysdeps/x86_64/fpu/multiarch/s_floorf.S
fn=floorf
25 1 1 1 0 0 0 1 0 0
26 1 0 0 0 0 0 0 0 0
27 1 0 0 0 0 0 0 0 0
28 1 1 1 1 0 0 0 0 0
29 1 0 0 0 0 0 0 0 0
31 1 0 0 1 0 0 0 0 0
fl=/build/eglibc-oGUzwX/eglibc-2.19/math/../sysdeps/x86_64/fpu/multiarch/s_rint.S
fn=rint
25 1 1 1 0 0 0 1 0 0
26 1 0 0 0 0 0 0 0 0
27 1 0 0 0 0 0 0 0 0
28 1 0 0 1 0 0 0 0 0
29 1 0 0 0 0 0 0 0 0
31 1 0 0 1 0 0 0 0 0
fl=/build/eglibc-oGUzwX/eglibc-2.19/math/../sysdeps/x86_64/fpu/multiarch/s_rintf.S
fn=rintf
25 1 1 1 0 0 0 1 0 0
26 1 0 0 0 0 0 0 0 0
27 1 0 0 0 0 0 0 0 0
28 1 0 0 1 0 0 0 0 0
29 1 0 0 0 0 0 0 0 0
31 1 0 0 1 0 0 0 0 0
fl=/build/eglibc-oGUzwX/eglibc-2.19/math/../sysdeps/x86_64/fpu/multiarch/s_sin.c
fn=cos
20 10 2 2 2 0 0 1 0 0
fn=sin
24 1 0 0 0 0 0 0 0 0
fl=/build/eglibc-oGUzwX/eglibc-2.19/math/w_sqrt.c
fn=sqrt
27 3 1 1 0 0 0 0 0 0
31 1 0 0 1 0 0 0 0 0
fl=/build/eglibc-oGUzwX/eglibc-2.19/misc/../sysdeps/unix/syscall-template.S
fn=mmap
81 255 3 3 0 0 0 0 0 0
82 51 0 0 51 0 0 0 0 0
fn=mprotect
81 32 1 1 0 0 0 0 0 0
82 8 0 0 8 0 0 0 0 0
fn=munmap
81 4 0 0 0 0 0 0 0 0
82 1 0 0 1 0 0 0 0 0
fl=/build/eglibc-oGUzwX/eglibc-2.19/misc/../sysdeps/unix/sysv/linux/x86_64/brk.c
fn=brk
28 101 0 0 0 0 0 0 0 0
31 808 1 1 101 0 0 101 0 0
33 202 0 0 0 0 0 0 0 0
35 78 0 0 39 0 0 39 1 0
36 39 0 0 0 0 0 0 0 0
39 101 0 0 0 0 0 0 0 0
40 101 0 0 101 0 0 0 0 0
fl=/build/eglibc-oGUzwX/eglibc-2.19/misc/init-misc.c
fn=__init_misc
30 4 1 1 0 0 0 2 0 0
31 5 0 0 1 0 0 0 0 0
33 3 0 0 0 0 0 1 0 0
37 5 0 0 1 1 0 1 1 0
38 3 1 1 2 0 0 1 0 0
40 4 0 0 3 0 0 0 0 0
fl=/build/eglibc-oGUzwX/eglibc-2.19/misc/sbrk.c
fn=sbrk
34 23096 1 1 0 0 0 17322 0 0
42 40415 1 1 17321 6 4 0 0 0
43 6 1 1 1 0 0 1 0 0
44 39 0 0 0 0 0 0 0 0
46 11548 0 0 0 0 0 0 0 0
50 400 0 0 0 0 0 0 0 0
53 300 0 0 0 0 0 100 0 0
57 28870 0 0 23096 0 0 0 0 0
fl=/build/eglibc-oGUzwX/eglibc-2.19/nptl/../nptl/sysdeps/unix/sysv/linux/register-atfork.c
fn=__linkin_atfork
116 2 1 1 1 1 1 1 0 0
117 6 0 0 2 1 0 0 0 0
119 1 0 0 1 0 0 0 0 0
fl=/build/eglibc-oGUzwX/eglibc-2.19/nptl/../nptl/sysdeps/unix/sysv/linux/unregister-atfork.c
fn=__unregister_atfork
28 4 0 0 0 0 0 2 0 0
36 2 1 1 2 1 1 0 0 0
39 8 0 0 0 0 0 0 0 0
40 6 0 0 2 1 1 0 0 0
45 2 0 0 2 1 1 0 0 0
121 4 0 0 4 0 0 0 0 0
fl=/build/eglibc-oGUzwX/eglibc-2.19/posix/../sysdeps/unix/syscall-template.S
fn=uname
81 4 1 1 0 0 0 0 0 0
82 1 0 0 1 0 0 0 0 0
fl=/build/eglibc-oGUzwX/eglibc-2.19/posix/../sysdeps/unix/sysv/linux/_exit.c
fn=_Exit
28 2 1 1 1 0 0 0 0 0
32 4 0 0 0 0 0 0 0 0
34 2 0 0 0 0 0 0 0 0
fl=/build/eglibc-oGUzwX/eglibc-2.19/setjmp/../sysdeps/x86_64/bsd-_setjmp.S
fn=_setjmp
30 1 1 1 0 0 0 0 0 0
32 1 0 0 0 0 0 0 0 0
fl=/build/eglibc-oGUzwX/eglibc-2.19/setjmp/../sysdeps/x86_64/setjmp.S
fn=__sigsetjmp
26 6 2 2 0 0 0 6 0 0
35 6 0 0 0 0 0 0 0 0
36 12 2 2 6 0 0 0 0 0
37 6 0 0 0 0 0 6 0 0
41 6 0 0 0 0 0 6 0 0
42 6 0 0 0 0 0 6 1 1
43 6 0 0 0 0 0 6 0 0
44 6 0 0 0 0 0 6 0 0
45 6 0 0 0 0 0 0 0 0
47 12 0 0 6 0 0 0 0 0
49 6 0 0 0 0 0 6 0 0
50 6 0 0 6 0 0 0 0 0
53 12 0 0 6 0 0 0 0 0
55 6 1 1 0 0 0 6 0 0
59 5 0 0 0 0 0 0 0 0
60 5 0 0 5 0 0 0 0 0
64 1 0 0 0 0 0 0 0 0
fl=/build/eglibc-oGUzwX/eglibc-2.19/setjmp/sigjmp.c
fn=__sigjmp_save
28 2 0 0 0 0 0 1 0 0
29 4 0 0 0 0 0 1 0 0
34 3 0 0 2 0 0 0 0 0
fl=/build/eglibc-oGUzwX/eglibc-2.19/stdio-common/_itoa.c
fn=_itoa_word
168 4 1 1 0 0 0 0 0 0
170 2 0 0 0 0 0 0 0 0
179 50 2 2 4 1 1 4 0 0
188 2 0 0 1 0 0 0 0 0
fl=/build/eglibc-oGUzwX/eglibc-2.19/stdio-common/printf-parse.h
fn=vfprintf
108 8 0 0 0 0 0 4 1 1
fl=/build/eglibc-oGUzwX/eglibc-2.19/stdio-common/printf.c
fn=printf
28 9 1 1 0 0 0 5 0 0
32 6 2 2 0 0 0 4 0 0
33 4 0 0 2 2 2 1 0 0
37 2 0 0 1 0 0 0 0 0
fl=/build/eglibc-oGUzwX/eglibc-2.19/stdio-common/vfprintf.c
fn=vfprintf
235 11 1 1 0 0 0 6 0 0
240 1 1 1 0 0 0 1 0 0
270 3 0 0 2 2 2 1 1 1
274 1 0 0 0 0 0 1 0 0
277 1 0 0 0 0 0 1 1 1
283 1 0 0 0 0 0 1 0 0
1295 4 1 1 1 1 1 1 0 0
1299 5 0 0 1 1 1 0 0 0
1310 2 0 0 0 0 0 0 0 0
1317 1 0 0 0 0 0 1 0 0
1321 6 1 1 3 0 0 3 2 2
1325 1 0 0 0 0 0 1 0 0
1332 1 0 0 0 0 0 1 1 1
1336 10 2 2 2 1 1 4 0 0
1337 15 1 1 8 2 2 1 0 0
1340 13 2 2 3 1 1 3 0 0
1344 3 1 1 2 0 0 0 0 0
1348 7 1 1 3 2 2 0 0 0
1375 1 0 0 0 0 0 1 1 1
1376 1 1 1 0 0 0 1 0 0
1377 1 0 0 0 0 0 1 0 0
1378 1 0 0 0 0 0 1 0 0
1379 1 0 0 0 0 0 1 0 0
1380 1 0 0 0 0 0 1 0 0
1381 1 0 0 0 0 0 1 0 0
1382 1 1 1 0 0 0 1 0 0
1383 1 0 0 0 0 0 1 0 0
1384 1 0 0 0 0 0 1 0 0
1385 1 0 0 0 0 0 1 0 0
1388 1 0 0 0 0 0 1 0 0
1389 1 0 0 0 0 0 1 0 0
1392 1 0 0 0 0 0 1 0 0
1393 1 0 0 0 0 0 0 0 0
1396 17 2 2 4 2 2 2 0 0
1559 3 0 0 0 0 0 1 0 0
1580 2 0 0 0 0 0 1 1 1
1660 111 23 23 39 0 0 11 0 0
1680 2 1 1 1 0 0 0 0 0
1682 1 0 0 0 0 0 1 0 0
1688 4 1 1 1 0 0 2 0 0
1692 23 1 1 5 0 0 3 0 0
1694 2 0 0 1 0 0 0 0 0
2091 2 1 1 1 0 0 0 0 0
2093 2 0 0 1 0 0 0 0 0
2095 2 0 0 1 0 0 0 0 0
2098 10 1 1 5 0 0 1 0 0
2099 3 1 1 1 0 0 0 0 0
2101 1 0 0 1 0 0 0 0 0
2102 8 0 0 7 0 0 0 0 0
fl=/build/eglibc-oGUzwX/eglibc-2.19/stdlib/cxa_atexit.c
fn=__cxa_atexit
35 2 0 0 0 0 0 1 0 0
37 2 0 0 0 0 0 0 0 0
41 3 1 1 1 0 0 0 0 0
43 1 0 0 0 0 0 1 0 0
44 1 0 0 0 0 0 1 0 0
45 1 0 0 0 0 0 1 0 0
47 1 0 0 0 0 0 1 0 0
48 1 0 0 0 0 0 0 0 0
57 6 1 1 0 0 0 3 0 0
59 4 0 0 4 0 0 0 0 0
fn=__new_exitfn
73 4 1 1 0 0 0 2 0 0
74 2 0 0 0 0 0 0 0 0
79 6 1 1 2 2 2 0 0 0
81 8 1 1 2 1 0 0 0 0
83 3 0 0 1 1 0 0 0 0
91 1 0 0 0 0 0 1 0 0
112 1 1 1 0 0 0 0 0 0
113 2 0 0 0 0 0 1 0 0
126 1 1 1 0 0 0 1 0 0
127 1 0 0 1 1 1 0 0 0
130 4 0 0 2 0 0 0 0 0
133 5 0 0 3 0 0 0 0 0
fl=/build/eglibc-oGUzwX/eglibc-2.19/stdlib/cxa_finalize.c
fn=__cxa_finalize
31 16 1 1 0 0 0 12 0 0
35 14 2 2 4 0 0 0 0 0
39 12 0 0 2 0 0 0 0 0
48 2 0 0 0 0 0 0 0 0
67 14 0 0 4 0 0 0 0 0
71 12 1 1 2 1 1 0 0 0
79 4 0 0 0 0 0 0 0 0
80 4 0 0 0 0 0 0 0 0
82 14 1 1 12 0 0 0 0 0
fl=/build/eglibc-oGUzwX/eglibc-2.19/stdlib/cxa_thread_atexit_impl.c
fn=__call_tls_dtors
82 3 1 1 0 0 0 3 0 0
83 5 1 1 1 1 1 1 0 0
101 4 1 1 4 0 0 0 0 0
fl=/build/eglibc-oGUzwX/eglibc-2.19/stdlib/exit.c
fn=__run_exit_handlers
35 8 1 1 0 0 0 4 0 0
40 2 0 0 1 1 1 1 0 0
46 8 0 0 2 1 1 0 0 0
50 6 1 1 0 0 0 0 0 0
52 1 0 0 0 0 0 1 0 0
53 1 0 0 0 0 0 0 0 0
54 5 0 0 1 0 0 0 0 0
78 1 1 1 1 0 0 0 0 0
80 2 0 0 1 0 0 0 0 0
82 3 0 0 1 0 0 1 0 0
83 1 0 0 0 0 0 0 0 0
87 2 0 0 1 0 0 1 0 0
88 2 0 0 0 0 0 0 0 0
94 2 1 1 0 0 0 0 0 0
95 8 0 0 1 1 1 1 0 0
97 2 0 0 0 0 0 1 0 0
fn=exit
103 1 0 0 0 0 0 0 0 0
104 3 1 1 0 0 0 1 0 0
fl=/build/eglibc-oGUzwX/eglibc-2.19/stdlib/rand.c
fn=rand
26 8000000 1 1 0 0 0 0 0 0
27 8000000 0 0 0 0 0 8000000 0 0
28 16000000 0 0 8000000 0 0 0 0 0
fl=/build/eglibc-oGUzwX/eglibc-2.19/stdlib/random.c
fn=random
293 8000000 1 1 0 0 0 0 0 0
296 48000000 1 1 16000000 1 0 0 0 0
298 24000000 0 0 0 0 0 8000000 0 0
300 32000000 1 1 16000000 0 0 0 0 0
302 8000000 0 0 8000000 0 0 0 0 0
303 16000000 0 0 8000000 0 0 0 0 0
fn=srand
210 2 1 1 0 0 0 0 0 0
211 6 1 1 2 1 1 0 0 0
212 3 0 0 0 0 0 1 0 0
213 4 1 1 2 0 0 0 0 0
214 2 0 0 1 0 0 0 0 0
fl=/build/eglibc-oGUzwX/eglibc-2.19/stdlib/random_r.c
fn=random_r
366 32001240 1 1 0 0 0 0 0 0
369 8258384 0 0 8000310 0 0 0 0 0
371 24000930 0 0 8000310 1 0 0 0 0
380 8000310 0 0 8000310 0 0 0 0 0
381 8000310 0 0 8000310 0 0 0 0 0
382 8000310 0 0 8000310 1 0 0 0 0
385 24000930 0 0 16000620 2 0 8000310 0 0
387 16000620 1 1 0 0 0 8000310 0 0
388 8000310 0 0 0 0 0 0 0 0
389 16000620 0 0 0 0 0 0 0 0
392 258074 0 0 0 0 0 0 0 0
396 7742236 0 0 0 0 0 0 0 0
397 15484472 0 0 0 0 0 0 0 0
400 8000310 0 0 0 0 0 8000310 0 0
401 16000620 0 0 8000310 0 0 8000310 0 0
403 8000310 0 0 0 0 0 0 0 0
fn=srandom_r
164 5 1 1 0 0 0 3 0 0
172 2 1 1 0 0 0 0 0 0
174 1 0 0 1 0 0 0 0 0
175 2 0 0 0 0 0 0 0 0
178 1 0 0 1 0 0 0 0 0
180 3 0 0 0 0 0 0 0 0
182 1 0 0 0 0 0 1 1 1
183 2 0 0 0 0 0 0 0 0
188 1 0 0 1 0 0 0 0 0
189 95 2 2 0 0 0 0 0 0
194 211 0 0 0 0 0 0 0 0
195 60 0 0 0 0 0 0 0 0
196 90 0 0 0 0 0 0 0 0
198 90 0 0 0 0 0 0 0 0
199 30 0 0 0 0 0 30 1 1
202 3 0 0 1 1 0 1 0 0
203 2 0 0 0 0 0 1 0 0
204 1 0 0 0 0 0 0 0 0
205 934 1 1 0 0 0 0 0 0
208 930 0 0 0 0 0 310 0 0
212 1 0 0 0 0 0 0 0 0
216 5 0 0 4 0 0 0 0 0
fl=/build/eglibc-oGUzwX/eglibc-2.19/string/../bits/stdlib-bsearch.h
fn=intel_check_word
27 8 1 1 0 0 0 0 0 0
28 16 0 0 0 0 0 0 0 0
29 110 1 1 0 0 0 0 0 0
31 154 0 0 0 0 0 0 0 0
32 54 1 1 0 0 0 0 0 0
37 8 0 0 0 0 0 0 0 0
fl=/build/eglibc-oGUzwX/eglibc-2.19/string/../string/memcmp.c
fn=bcmp
105 15 0 0 15 0 0 0 0 0
106 30 0 0 15 0 0 0 0 0
110 33 1 1 0 0 0 0 0 0
111 9 1 1 0 0 0 0 0 0
129 28 1 1 0 0 0 0 0 0
133 4 1 1 4 2 2 0 0 0
134 4 0 0 4 0 0 0 0 0
135 4 0 0 0 0 0 0 0 0
136 4 0 0 0 0 0 0 0 0
137 4 1 1 0 0 0 0 0 0
183 4 0 0 4 1 1 0 0 0
184 4 0 0 4 0 0 0 0 0
185 26 0 0 0 0 0 6 1 1
192 2 1 1 0 0 0 0 0 0
197 2 1 1 0 0 0 0 0 0
221 2 0 0 0 0 0 0 0 0
222 4 0 0 0 0 0 0 0 0
226 4 0 0 0 0 0 0 0 0
228 14 1 1 0 0 0 0 0 0
232 2 0 0 2 0 0 0 0 0
233 2 0 0 2 0 0 0 0 0
234 2 0 0 2 0 0 0 0 0
235 2 0 0 0 0 0 0 0 0
236 2 0 0 0 0 0 0 0 0
237 2 0 0 0 0 0 0 0 0
289 2 0 0 2 0 0 0 0 0
290 2 0 0 2 0 0 0 0 0
291 12 0 0 0 0 0 0 0 0
292 4 0 0 0 0 0 0 0 0
299 4 0 0 0 0 0 0 0 0
304 12 1 1 0 0 0 0 0 0
305 4 0 0 0 0 0 0 0 0
315 112 2 2 0 0 0 96 1 1
318 16 0 0 0 0 0 0 0 0
319 16 0 0 0 0 0 0 0 0
322 32 0 0 0 0 0 0 0 0
326 18 0 0 0 0 0 0 0 0
342 18 1 1 0 0 0 0 0 0
343 12 0 0 0 0 0 0 0 0
346 6 0 0 0 0 0 0 0 0
350 9 0 0 0 0 0 0 0 0
351 3 0 0 0 0 0 0 0 0
352 3 0 0 0 0 0 0 0 0
356 184 1 1 0 0 0 0 0 0
358 80 0 0 80 1 1 0 0 0
359 80 0 0 80 6 6 0 0 0
360 80 0 0 0 0 0 0 0 0
363 259 0 0 0 0 0 0 0 0
368 12 1 1 0 0 0 0 0 0
369 128 0 0 112 0 0 0 0 0
fl=/build/eglibc-oGUzwX/eglibc-2.19/string/../sysdeps/x86_64/memcpy.S
fn=__GI_mempcpy
61 1 1 1 0 0 0 0 0 0
65 1 0 0 0 0 0 0 0 0
68 1 0 0 0 0 0 0 0 0
69 1 0 0 0 0 0 0 0 0
71 1 0 0 1 0 0 0 0 0
72 1 0 0 0 0 0 1 0 0
74 1 0 0 0 0 0 0 0 0
75 1 0 0 0 0 0 0 0 0
80 1 0 0 0 0 0 0 0 0
81 1 0 0 0 0 0 0 0 0
92 1 0 0 0 0 0 0 0 0
93 1 0 0 0 0 0 0 0 0
104 1 0 0 0 0 0 0 0 0
105 1 0 0 0 0 0 0 0 0
116 1 1 1 0 0 0 0 0 0
117 1 0 0 0 0 0 0 0 0
138 1 0 0 0 0 0 0 0 0
142 1 0 0 1 0 0 0 0 0
fn=mempcpy
61 19 1 1 0 0 0 0 0 0
65 19 0 0 0 0 0 0 0 0
68 17 0 0 0 0 0 0 0 0
69 17 0 0 0 0 0 0 0 0
71 6 0 0 6 1 1 0 0 0
72 6 0 0 0 0 0 6 1 1
74 6 1 1 0 0 0 0 0 0
75 6 0 0 0 0 0 0 0 0
80 17 0 0 0 0 0 0 0 0
81 17 0 0 0 0 0 0 0 0
83 12 0 0 12 0 0 0 0 0
84 12 0 0 0 0 0 12 0 0
86 12 0 0 0 0 0 0 0 0
87 12 0 0 0 0 0 0 0 0
92 17 0 0 0 0 0 0 0 0
93 17 0 0 0 0 0 0 0 0
95 6 0 0 6 0 0 0 0 0
96 6 0 0 0 0 0 6 0 0
98 6 0 0 0 0 0 0 0 0
99 6 0 0 0 0 0 0 0 0
104 17 0 0 0 0 0 0 0 0
105 17 0 0 0 0 0 0 0 0
107 9 0 0 9 0 0 0 0 0
108 9 0 0 0 0 0 9 1 1
110 9 0 0 0 0 0 0 0 0
111 18 0 0 0 0 0 0 0 0
116 17 1 1 0 0 0 0 0 0
117 19 0 0 0 0 0 0 0 0
122 2 0 0 2 1 0 0 0 0
123 2 0 0 2 0 0 0 0 0
124 2 0 0 0 0 0 2 1 1
125 2 0 0 0 0 0 2 0 0
127 2 0 0 0 0 0 0 0 0
129 2 0 0 0 0 0 0 0 0
130 2 0 0 0 0 0 0 0 0
132 2 0 0 0 0 0 0 0 0
138 17 0 0 0 0 0 0 0 0
142 17 0 0 17 0 0 0 0 0
154 3 0 0 0 0 0 0 0 0
156 3 0 0 0 0 0 0 0 0
157 3 0 0 0 0 0 0 0 0
183 3 1 1 0 0 0 0 0 0
184 3 0 0 0 0 0 0 0 0
187 3 0 0 0 0 0 0 0 0
188 3 0 0 0 0 0 0 0 0
189 3 0 0 0 0 0 0 0 0
194 3 0 0 0 0 0 0 0 0
196 3 0 0 3 0 0 0 0 0
197 3 0 0 3 0 0 0 0 0
198 3 0 0 3 0 0 0 0 0
199 3 1 1 3 0 0 0 0 0
201 3 0 0 0 0 0 3 0 0
202 3 0 0 0 0 0 3 1 1
203 3 0 0 0 0 0 3 0 0
204 3 0 0 0 0 0 3 1 1
206 3 0 0 0 0 0 0 0 0
207 3 0 0 0 0 0 0 0 0
209 3 0 0 0 0 0 0 0 0
231 3 1 1 0 0 0 0 0 0
233 3 0 0 0 0 0 0 0 0
235 2 0 0 0 0 0 0 0 0
242 2 0 0 2 0 0 0 0 0
fl=/build/eglibc-oGUzwX/eglibc-2.19/string/../sysdeps/x86_64/multiarch/../cacheinfo.c
fn=handle_intel
305 16 0 0 0 0 0 12 0 0
306 4 1 1 0 0 0 0 0 0
317 6 1 1 0 0 0 2 0 0
319 2 0 0 0 0 0 2 0 0
320 4 0 0 0 0 0 2 0 0
322 2 0 0 0 0 0 0 0 0
328 8 2 2 0 0 0 2 0 0
333 4 0 0 0 0 0 0 0 0
335 6 0 0 0 0 0 2 0 0
336 2 0 0 0 0 0 0 0 0
340 10 0 0 0 0 0 2 0 0
341 4 0 0 0 0 0 0 0 0
344 10 0 0 0 0 0 2 0 0
345 4 0 0 0 0 0 0 0 0
362 16 1 1 14 0 0 0 0 0
fn=init_cacheinfo
550 3 1 1 0 0 0 3 0 0
563 3 0 0 1 0 0 0 0 0
570 2 0 0 0 0 0 0 0 0
572 4 0 0 1 0 0 1 0 0
575 1 0 0 0 0 0 0 0 0
576 4 1 1 1 0 0 1 0 0
578 2 0 0 0 0 0 0 0 0
589 1 0 0 1 0 0 0 0 0
607 4 0 0 1 0 0 0 0 0
614 17 1 1 0 0 0 0 0 0
620 8 0 0 0 0 0 0 0 0
623 20 0 0 0 0 0 0 0 0
625 2 1 1 0 0 0 0 0 0
631 5 0 0 0 0 0 0 0 0
638 9 1 1 0 0 0 0 0 0
640 2 0 0 0 0 0 0 0 0
642 8 0 0 0 0 0 0 0 0
644 4 0 0 0 0 0 0 0 0
649 1 1 1 0 0 0 0 0 0
651 4 0 0 0 0 0 0 0 0
652 2 0 0 0 0 0 0 0 0
653 1 0 0 0 0 0 0 0 0
657 2 0 0 0 0 0 0 0 0
669 4 0 0 0 0 0 0 0 0
670 5 1 1 0 0 0 0 0 0
744 2 0 0 0 0 0 0 0 0
746 3 1 1 0 0 0 1 0 0
747 1 0 0 0 0 0 1 1 1
749 1 0 0 0 0 0 0 0 0
750 3 0 0 0 0 0 1 0 0
751 1 0 0 0 0 0 1 0 0
754 2 0 0 0 0 0 0 0 0
756 3 0 0 0 0 0 1 0 0
757 1 0 0 0 0 0 1 1 1
759 1 0 0 0 0 0 0 0 0
760 3 0 0 0 0 0 1 0 0
761 1 0 0 0 0 0 1 0 0
763 4 0 0 4 0 0 0 0 0
fn=intel_check_word
150 108 0 0 54 6 6 0 0 0
153 54 0 0 0 0 0 0 0 0
161 16 0 0 0 0 0 12 0 0
162 8 1 1 0 0 0 0 0 0
164 2 0 0 0 0 0 0 0 0
168 28 0 0 0 0 0 0 0 0
170 32 0 0 0 0 0 0 0 0
172 10 1 1 0 0 0 0 0 0
174 20 0 0 0 0 0 0 0 0
182 20 0 0 0 0 0 0 0 0
194 39 0 0 0 0 0 0 0 0
199 16 1 1 0 0 0 0 0 0
203 10 1 1 0 0 0 0 0 0
205 5 1 1 0 0 0 0 0 0
210 8 0 0 0 0 0 0 0 0
213 2 1 1 0 0 0 0 0 0
215 4 0 0 0 0 0 0 0 0
217 10 1 1 0 0 0 0 0 0
218 8 0 0 0 0 0 0 0 0
219 8 0 0 0 0 0 0 0 0
220 2 0 0 0 0 0 0 0 0
228 3 0 0 0 0 0 0 0 0
235 16 0 0 0 0 0 0 0 0
295 8 0 0 0 0 0 0 0 0
300 16 0 0 16 0 0 0 0 0
fl=/build/eglibc-oGUzwX/eglibc-2.19/string/../sysdeps/x86_64/multiarch/../memcpy.S
fn=memcpy
61 17 1 1 0 0 0 0 0 0
63 17 0 0 0 0 0 0 0 0
65 17 0 0 0 0 0 0 0 0
68 17 0 0 0 0 0 0 0 0
69 17 0 0 0 0 0 0 0 0
71 5 0 0 5 0 0 0 0 0
72 5 0 0 0 0 0 5 2 2
74 5 0 0 0 0 0 0 0 0
75 5 0 0 0 0 0 0 0 0
80 17 0 0 0 0 0 0 0 0
81 17 0 0 0 0 0 0 0 0
83 4 0 0 4 0 0 0 0 0
84 4 0 0 0 0 0 4 2 2
86 4 0 0 0 0 0 0 0 0
87 8 0 0 0 0 0 0 0 0
92 17 1 1 0 0 0 0 0 0
93 17 0 0 0 0 0 0 0 0
95 3 0 0 3 0 0 0 0 0
96 3 0 0 0 0 0 3 0 0
98 3 0 0 0 0 0 0 0 0
99 3 0 0 0 0 0 0 0 0
104 17 0 0 0 0 0 0 0 0
105 17 0 0 0 0 0 0 0 0
107 10 0 0 10 0 0 0 0 0
108 10 0 0 0 0 0 10 0 0
110 10 0 0 0 0 0 0 0 0
111 10 0 0 0 0 0 0 0 0
116 17 0 0 0 0 0 0 0 0
117 25 0 0 0 0 0 0 0 0
122 8 0 0 8 0 0 0 0 0
123 8 0 0 8 0 0 0 0 0
124 8 0 0 0 0 0 8 0 0
125 8 0 0 0 0 0 8 1 1
127 8 0 0 0 0 0 0 0 0
129 8 0 0 0 0 0 0 0 0
130 8 0 0 0 0 0 0 0 0
132 8 0 0 0 0 0 0 0 0
140 17 1 1 17 0 0 0 0 0
148 6 0 0 0 0 0 6 0 0
154 6 0 0 0 0 0 0 0 0
156 6 0 0 0 0 0 0 0 0
157 6 0 0 0 0 0 0 0 0
160 3 0 0 0 0 0 0 0 0
161 6 0 0 0 0 0 0 0 0
166 18 1 1 18 0 0 0 0 0
167 18 0 0 0 0 0 18 0 0
169 18 0 0 0 0 0 0 0 0
171 18 0 0 0 0 0 0 0 0
172 18 0 0 0 0 0 0 0 0
174 21 0 0 0 0 0 0 0 0
183 6 0 0 0 0 0 0 0 0
184 6 0 0 0 0 0 0 0 0
187 6 0 0 0 0 0 0 0 0
188 6 0 0 0 0 0 0 0 0
189 6 0 0 0 0 0 0 0 0
194 4 0 0 0 0 0 0 0 0
196 4 0 0 4 0 0 0 0 0
197 4 0 0 4 0 0 0 0 0
198 4 0 0 4 0 0 0 0 0
199 4 1 1 4 0 0 0 0 0
201 4 0 0 0 0 0 4 1 1
202 4 0 0 0 0 0 4 0 0
203 4 0 0 0 0 0 4 0 0
204 4 0 0 0 0 0 4 0 0
206 4 0 0 0 0 0 0 0 0
207 4 0 0 0 0 0 0 0 0
209 4 0 0 0 0 0 0 0 0
231 6 1 1 0 0 0 0 0 0
237 6 0 0 6 0 0 0 0 0
238 6 0 0 0 0 0 0 0 0
fl=/build/eglibc-oGUzwX/eglibc-2.19/string/../sysdeps/x86_64/multiarch/../rtld-strlen.S
fn=strlen
26 17 1 1 0 0 0 0 0 0
27 17 0 0 0 0 0 0 0 0
28 17 0 0 0 0 0 0 0 0
29 17 0 0 0 0 0 0 0 0
31 10 0 0 0 0 0 0 0 0
32 10 0 0 0 0 0 0 0 0
34 45 0 0 45 0 0 0 0 0
35 45 0 0 0 0 0 0 0 0
36 44 0 0 0 0 0 0 0 0
37 44 0 0 0 0 0 0 0 0
38 44 0 0 0 0 0 0 0 0
40 32 0 0 0 0 0 0 0 0
45 20 1 1 20 0 0 0 0 0
46 20 0 0 0 0 0 0 0 0
47 20 0 0 0 0 0 0 0 0
48 20 0 0 0 0 0 0 0 0
51 20 0 0 0 0 0 0 0 0
52 18 0 0 0 0 0 0 0 0
53 18 0 0 0 0 0 0 0 0
54 18 0 0 0 0 0 0 0 0
56 18 0 0 0 0 0 0 0 0
59 16 0 0 16 0 0 0 0 0
60 16 0 0 0 0 0 0 0 0
61 16 0 0 0 0 0 0 0 0
62 16 0 0 0 0 0 0 0 0
65 16 0 0 0 0 0 0 0 0
66 11 0 0 0 0 0 0 0 0
67 11 0 0 0 0 0 0 0 0
68 11 0 0 0 0 0 0 0 0
70 11 0 0 0 0 0 0 0 0
73 8 0 0 8 0 0 0 0 0
74 8 0 0 0 0 0 0 0 0
75 8 0 0 0 0 0 0 0 0
76 8 0 0 0 0 0 0 0 0
79 8 0 0 0 0 0 0 0 0
80 8 0 0 0 0 0 0 0 0
81 8 0 0 0 0 0 0 0 0
82 8 0 0 0 0 0 0 0 0
84 8 0 0 0 0 0 0 0 0
87 8 0 0 8 0 0 0 0 0
88 8 0 0 0 0 0 0 0 0
89 8 0 0 0 0 0 0 0 0
90 8 0 0 0 0 0 0 0 0
93 8 0 0 0 0 0 0 0 0
94 6 0 0 0 0 0 0 0 0
95 6 0 0 0 0 0 0 0 0
96 6 0 0 0 0 0 0 0 0
98 8 0 0 0 0 0 0 0 0
101 16 1 1 0 0 0 0 0 0
103 16 0 0 0 0 0 0 0 0
104 16 0 0 0 0 0 0 0 0
105 12 0 0 0 0 0 0 0 0
107 12 0 0 0 0 0 0 0 0
108 12 0 0 0 0 0 0 0 0
109 12 1 1 0 0 0 0 0 0
111 12 0 0 0 0 0 0 0 0
112 12 0 0 0 0 0 0 0 0
113 10 0 0 0 0 0 0 0 0
115 10 0 0 0 0 0 0 0 0
116 10 0 0 0 0 0 0 0 0
117 8 0 0 0 0 0 0 0 0
119 8 0 0 0 0 0 0 0 0
121 8 0 0 0 0 0 0 0 0
122 8 0 0 0 0 0 0 0 0
123 8 0 0 0 0 0 0 0 0
125 8 0 0 0 0 0 0 0 0
126 8 0 0 0 0 0 0 0 0
127 8 0 0 0 0 0 0 0 0
129 8 0 0 0 0 0 0 0 0
130 8 0 0 0 0 0 0 0 0
131 6 0 0 0 0 0 0 0 0
133 17 0 0 0 0 0 0 0 0
134 17 0 0 17 0 0 0 0 0
fl=/build/eglibc-oGUzwX/eglibc-2.19/string/../sysdeps/x86_64/multiarch/../strchr.S
fn=index
24 10 1 1 0 0 0 0 0 0
25 10 0 0 0 0 0 0 0 0
26 10 0 0 0 0 0 0 0 0
27 10 0 0 0 0 0 0 0 0
28 10 0 0 0 0 0 0 0 0
29 10 0 0 0 0 0 0 0 0
30 10 0 0 0 0 0 0 0 0
31 10 0 0 0 0 0 0 0 0
32 10 0 0 10 3 3 0 0 0
33 10 0 0 0 0 0 0 0 0
34 10 0 0 0 0 0 0 0 0
35 10 0 0 0 0 0 0 0 0
36 10 0 0 0 0 0 0 0 0
37 10 0 0 0 0 0 0 0 0
38 10 0 0 0 0 0 0 0 0
39 10 1 1 0 0 0 0 0 0
40 10 0 0 0 0 0 0 0 0
41 8 0 0 0 0 0 0 0 0
45 8 0 0 0 0 0 0 0 0
46 8 0 0 0 0 0 0 0 0
47 8 0 0 8 0 0 0 0 0
48 8 0 0 0 0 0 0 0 0
50 8 0 0 8 0 0 0 0 0
54 2 0 0 2 0 0 0 0 0
55 2 0 0 0 0 0 0 0 0
56 2 0 0 0 0 0 0 0 0
57 2 0 0 0 0 0 0 0 0
58 2 0 0 0 0 0 0 0 0
59 2 0 0 0 0 0 0 0 0
60 2 0 0 2 0 0 0 0 0
61 2 0 0 0 0 0 0 0 0
62 2 0 0 0 0 0 0 0 0
63 2 1 1 0 0 0 0 0 0
64 2 0 0 0 0 0 0 0 0
65 2 0 0 0 0 0 0 0 0
66 2 0 0 0 0 0 0 0 0
67 2 0 0 2 0 0 0 0 0
68 2 0 0 0 0 0 0 0 0
69 2 0 0 0 0 0 0 0 0
70 2 0 0 0 0 0 0 0 0
71 2 0 0 0 0 0 0 0 0
72 2 0 0 0 0 0 0 0 0
73 2 0 0 0 0 0 0 0 0
74 2 0 0 0 0 0 0 0 0
75 2 0 0 0 0 0 0 0 0
76 2 0 0 0 0 0 0 0 0
77 2 0 0 0 0 0 0 0 0
129 2 1 1 0 0 0 0 0 0
133 2 0 0 0 0 0 0 0 0
134 2 0 0 0 0 0 0 0 0
135 2 0 0 2 0 0 0 0 0
136 2 0 0 0 0 0 0 0 0
138 2 0 0 2 0 0 0 0 0
fl=/build/eglibc-oGUzwX/eglibc-2.19/string/../sysdeps/x86_64/multiarch/../strcmp.S
fn=strcmp
131 1937 1 1 1937 39 27 0 0 0
132 1937 0 0 1937 28 11 0 0 0
133 1937 0 0 0 0 0 0 0 0
134 1732 0 0 0 0 0 0 0 0
135 1732 0 0 0 0 0 0 0 0
136 1732 0 0 0 0 0 0 0 0
137 1732 0 0 0 0 0 0 0 0
139 139 0 0 0 0 0 0 0 0
140 139 0 0 139 0 0 0 0 0
142 205 0 0 0 0 0 0 0 0
143 205 0 0 0 0 0 0 0 0
144 205 0 0 0 0 0 0 0 0
145 205 0 0 205 0 0 0 0 0
fl=/build/eglibc-oGUzwX/eglibc-2.19/string/../sysdeps/x86_64/multiarch/memmove.c
fn=memcpy@GLIBC_2.2.5
49 1 1 1 0 0 0 0 0 0
fl=/build/eglibc-oGUzwX/eglibc-2.19/string/../sysdeps/x86_64/multiarch/strcmp.S
fn=strcasecmp
114 1 1 1 1 1 1 0 0 0
115 1 0 0 0 0 0 0 0 0
116 1 0 0 0 0 0 1 0 0
119 1 0 0 0 0 0 0 0 0
120 1 0 0 1 0 0 0 0 0
121 1 0 0 0 0 0 0 0 0
132 1 1 1 1 0 0 0 0 0
fn=strncasecmp
140 1 1 1 1 0 0 0 0 0
141 1 0 0 0 0 0 0 0 0
145 1 0 0 0 0 0 0 0 0
146 1 0 0 1 0 0 0 0 0
147 1 0 0 0 0 0 0 0 0
158 1 1 1 1 0 0 0 0 0
fl=/build/eglibc-oGUzwX/eglibc-2.19/string/../sysdeps/x86_64/rtld-memset.S
fn=memset
30 16 1 1 0 0 0 0 0 0
31 16 0 0 0 0 0 0 0 0
32 16 0 0 0 0 0 0 0 0
33 2256 0 0 0 0 0 2240 36 36
34 16 0 0 0 0 0 0 0 0
35 16 0 0 16 0 0 0 0 0
fl=/build/eglibc-oGUzwX/eglibc-2.19/string/../sysdeps/x86_64/strchr.S
fn=strchrnul
24 2 1 1 0 0 0 0 0 0
25 2 0 0 0 0 0 0 0 0
26 2 0 0 0 0 0 0 0 0
27 2 0 0 0 0 0 0 0 0
28 2 1 1 0 0 0 0 0 0
29 2 0 0 0 0 0 0 0 0
30 2 0 0 0 0 0 0 0 0
31 2 0 0 0 0 0 0 0 0
32 2 0 0 2 1 1 0 0 0
33 2 0 0 0 0 0 0 0 0
34 2 0 0 0 0 0 0 0 0
35 2 0 0 0 0 0 0 0 0
36 2 0 0 0 0 0 0 0 0
37 2 0 0 0 0 0 0 0 0
38 2 0 0 0 0 0 0 0 0
39 2 0 0 0 0 0 0 0 0
40 2 0 0 0 0 0 0 0 0
41 2 0 0 0 0 0 0 0 0
43 2 0 0 0 0 0 0 0 0
50 2 0 0 2 0 0 0 0 0
fl=/build/eglibc-oGUzwX/eglibc-2.19/string/../sysdeps/x86_64/strrchr.S
fn=rindex
24 1 1 1 0 0 0 0 0 0
25 1 0 0 0 0 0 0 0 0
26 1 0 0 0 0 0 0 0 0
27 1 0 0 0 0 0 0 0 0
28 1 1 1 0 0 0 0 0 0
29 1 0 0 0 0 0 0 0 0
30 1 0 0 0 0 0 0 0 0
31 1 0 0 0 0 0 0 0 0
32 1 0 0 1 1 0 0 0 0
33 1 0 0 0 0 0 0 0 0
34 1 0 0 0 0 0 0 0 0
35 1 0 0 0 0 0 0 0 0
36 1 0 0 0 0 0 0 0 0
37 1 0 0 0 0 0 0 0 0
38 1 0 0 0 0 0 0 0 0
39 1 0 0 0 0 0 0 0 0
40 1 0 0 0 0 0 0 0 0
41 1 0 0 0 0 0 0 0 0
42 1 0 0 0 0 0 0 0 0
43 1 0 0 0 0 0 0 0 0
44 1 1 1 0 0 0 0 0 0
45 1 0 0 0 0 0 0 0 0
46 1 0 0 0 0 0 0 0 0
47 1 0 0 1 0 0 0 0 0
fl=/build/eglibc-oGUzwX/eglibc-2.19/time/../sysdeps/generic/dl-hash.h
fn=gettimeofday
43 1 0 0 0 0 0 0 0 0
44 1 0 0 0 0 0 0 0 0
45 13 0 0 4 0 0 0 0 0
48 12 0 0 0 0 0 0 0 0
49 8 0 0 0 0 0 0 0 0
62 8 0 0 0 0 0 0 0 0
67 1 0 0 0 0 0 0 0 0
fn=time
43 2 0 0 0 0 0 0 0 0
44 2 1 1 0 0 0 0 0 0
45 26 1 1 8 1 1 0 0 0
48 24 0 0 0 0 0 0 0 0
49 16 0 0 0 0 0 0 0 0
62 16 0 0 0 0 0 0 0 0
67 2 0 0 0 0 0 0 0 0
fl=/build/eglibc-oGUzwX/eglibc-2.19/time/../sysdeps/unix/sysv/linux/x86_64/gettimeofday.c
fn=gettimeofday
30 1 0 0 0 0 0 0 0 0
31 7 2 2 0 0 0 4 0 0
34 3 1 1 0 0 0 1 0 0
35 3 0 0 0 0 0 0 0 0
36 3 0 0 1 0 0 0 0 0
fl=/build/eglibc-oGUzwX/eglibc-2.19/time/../sysdeps/unix/sysv/linux/x86_64/time.c
fn=time
36 2 0 0 0 0 0 0 0 0
37 14 1 1 0 0 0 8 0 0
40 12 0 0 0 0 0 2 0 0
41 6 0 0 2 0 0 0 0 0
fl=/home/alexandra/Documentos/seguridad/cache/mult_6.c
fn=main
76 5 1 1 0 0 0 3 0 0
77 1 0 0 0 0 0 1 0 0
78 1 0 0 0 0 0 1 0 0
79 1 0 0 0 0 0 1 0 0
84 6 0 0 3 0 0 1 0 0
89 2 0 0 0 0 0 1 0 0
fn=mult_6
13 11 1 1 0 0 0 7 0 0
18 2 0 0 1 1 1 1 0 0
19 9 1 1 3 0 0 5 0 0
21 6 0 0 1 0 0 2 1 0
22 6 0 0 1 1 0 2 0 0
23 6 1 1 1 0 0 2 0 0
25 8005 1 1 6002 0 0 1 0 0
26 22000 0 0 6000 0 0 4000 250 249
28 8005 1 1 6002 0 0 1 0 0
29 22000 0 0 6000 0 0 4000 250 249
31 8005 1 1 6002 0 0 1 0 0
32 22000 0 0 6000 0 0 4000 251 249
34 8005 2 2 6002 0 0 1 0 0
35 16010000 0 0 12004000 0 0 2000 0 0
36 104000000 0 0 16000000 250 205 8000000 250504 250118
39 8005 1 1 6002 0 0 1 0 0
40 16010000 0 0 12004000 0 0 2000 0 0
41 104000000 0 0 16000000 250 250 8000000 250507 250507
45 230 2 2 182 0 0 1 0 0
46 10350 0 0 8190 0 0 45 0 0
47 465750 1 1 368550 0 0 2025 0 0
48 49875750 0 0 33129000 0 0 8373375 0 0
49 2216700000 1 1 1472400000 0 0 372150000 0 0
50 180000000 0 0 0 0 0 180000000 0 0
51 98520000000 2 2 65440000000 0 0 16540000000 0 0
52 192000000000 0 0 88000000000 30431635 16266702 0 0 0
54 2160000000 0 0 900000000 469244 262 180000000 13921904 251899
61 9 1 1 3 2 2 1 1 1
63 8005 1 1 6002 0 0 1 0 0
64 16000 0 0 6000 251 247 2000 0 0
65 16000 0 0 6000 250 248 2000 0 0
67 3 0 0 1 0 0 1 0 0
68 3 0 0 1 0 0 1 0 0
70 8005 1 1 6002 0 0 1 0 0
71 16000 0 0 6000 250 12 2000 0 0
73 3 0 0 1 0 0 1 0 0
74 4 0 0 3 1 1 0 0 0
fl=???
fn=???
0 8012320 38 33 8012167 14 10 53 1 1
fn=__atan2_finite
0 9 0 0 2 0 0 1 0 0
fn=__libc_csu_init
0 34 2 2 8 1 0 8 0 0
fn=__log_finite
0 9 1 1 2 0 0 1 0 0
fn=_dl_debug_initialize
0 5 1 1 4 0 0 0 0 0
fn=memcpy@GLIBC_2.2.5
0 12 1 1 4 0 0 0 0 0
fn=sin
0 9 1 1 2 0 0 1 0 0
summary: 295753481442 1001 993 156030609388 30911091 16276310 17344906781 14430399 759949
